# Number of parameters = 1655 Objective function value = 1434.70514215739  Maximum gradient component = 0.0660751424763627
# Mest[1]:
0.230000000000
# log_Linf[1]:
4.30945594184
# log_k[1]:
-1.83258146375
# log_Lo[1]:
2.89037175790
# log_sdage[1]:
-2.40794560865
# mean_log_rec[1]:
9.58389999115
# steepness[1]:
0.650000000000
# log_Rzero[1]:
9.34821400132
# rec_dev:
 -0.439882476671 -0.512957094713 -0.592456535860 -0.679168622743 -0.770654103854 -0.863228473097 -0.831430121376 -0.836613478677 -0.684616098315 -0.626116923398 -0.541156902470 -0.373918895078 -0.407639809551 -0.358550656973 -0.311252465577 -0.109252379632 0.231532832930 0.404431457925 0.371649986418 0.410881963182 0.414843775293 0.456938788208 0.654676522080 0.806667343682 0.611472013165 1.09765497068 1.28742608269 0.691265733307 0.625009590329 0.800876829764 0.660272715781 0.744138919258 0.376418462148 0.407178621734 0.0583111757654 -0.00596680647364 0.265059902768 0.371981803488 0.675157081434 0.622678338903 0.788835177852 0.822027364184 0.410440959589 0.0281154789295 -0.544563503559 -0.521919863505 -0.772939932465 -0.750632592422 -1.13561509669 -1.24866719125 -0.663976413490 -0.442141877156 -1.03553108673 -0.511892388932 -0.686903917439 -0.408224798571 -0.428298061054 0.0294710624367 0.917562958933 0.535911440514 -0.272239003784 -0.150994948295
# log_sigmar[1]:
-0.510825623766
# fmort:
 0.0103870261204 0.0153620571580 0.00701195325376 0.00892963759961 0.0173370043697 0.0214934975057 0.0262190067034 0.0227995858908 0.0449566426076 0.0377027696915 0.0258748549708 0.0381095071704 0.0734988220403 0.0284094771268 0.0662421390459 0.0446039103497 0.00439892284916 0.0208150166715 0.0175779499654 0.0158288375662 0.0142896134693 0.0173173728875 0.0175985555988 0.0205634489503 0.0141272375923 0.0194350384001 0.0353044242232 0.0144363729669 0.00416066031340 0.00654164869252 0.00991693908742 0.0197067649319 0.00838640936060 0.0116863453711 0.0127686570781 0.0202390484102 0.0249440462467 0.0344465265285 0.0473051534790 0.0481964958202 0.0681009161173 0.0111288082547 0.00431945978959 0.00533287058038 0.00582683516753 0.00719202300981 0.00561767829648 0.00814560939823 0.00254679097964 0.00173857859113 0.00502094662933
 0.00133077939172 0.00204825811694 0.00313883703085 0.00522237502223 0.00377116435069 0.00684244536694 0.00888700762330 0.0130788334114 0.0212695372378 0.0264903049816 0.0242273519567 0.0486393797043 0.0674449250415 0.0547886870072 0.0730000210987 0.102839849575 0.115149883589 0.154484758616 0.212463429621 0.222855093010 0.226759723537 0.293668712724 0.397244938657 0.380579139530 0.481589910285 0.594101132731 0.543456886371 0.570223901173 0.353083843348 0.236520369623 0.176017233058 0.202283943494 0.195650883258 0.178882403251 0.175345208857 0.176404012753 0.188787311869 0.229367673184 0.195530277367 0.252266071025 0.136950169107 0.0969208351777 0.0927042644084 0.0715726235578 0.0630882850673 0.0642640068790 0.0711681141539 0.0674809124648 0.0752362578686 0.0711821838069 0.0573671174129
 0.000202734075869 0.000378350284314 0.000838780315850 0.00179917989561 0.00542269315084 0.00157737419588 0.00187739293301 0.0162615506708 0.0106850789755 0.00861667463958 0.0105448228914 0.0105709344309 0.00341163699116 0.00253054875709 0.00346271283831 0.00189643645297 0.000737054662371 0.000674852299287 0.00378419958612 0.00490865479024 0.00584568831341 0.00350039261927 0.00189574520001 0.00285355354015 0.00535612012913 0.0182957903973 0.0206784757137 0.0285622994084 0.0162253824602 0.00646899823331 0.00811726217419 0.0218584006387 0.00396743046279 0.00717718435108 0.00696981164819 0.00373594304656 0.0157293876604 0.0183217366259 0.0141963354980 0.00784795585854 0.00262034333018 0.0274565600434 0.0121362284533 0.00519552182786 0.00450836197770 0.00150894144873 0.000894945757338 0.000433166989518 0.00162484544473 0.00235940841166 0.00261723404018
 1.84019466332e-13 1.96509475359e-13 0.000509197063996 2.14273043753e-13 2.18713935851e-13 2.22599716437e-13 3.28154808327e-06 0.000224589846261 0.00470871840666 0.0293055071578 0.0262596645386 0.0334549122392 0.0757878452825 0.0889958113584 0.117532183286 0.0949871853534 0.0900256224287 0.0931357078738 0.0955196089749 0.0810508428184 0.0684095632193 0.0433063304201 0.00370258160940 2.18158824339e-13 2.26485497024e-13 2.86715096109e-13 3.39728245535e-13 5.19306819768e-13 6.28386231938e-13 3.05517037280e-06 0.000610703332647 0.00441391649432 0.0135838888090 0.0259623234046 0.0452226673616 0.0377099656483 0.0562418443833 0.0848695518499 0.105006322222 0.136782168016 0.120387186872 0.0304802179164 0.0199053804949 0.0198639271997 0.0211269752657 0.0268132006245 0.0162880170077 0.0124553791262 0.00885688629536 0.00814314008273 0.000361213258667
# log_selcoffs_fsh[1]:
 -4.85544946998 -3.70029314120 -2.44592418535 -1.20705731742 -0.263121567582 0.521698749379 1.09171466033 0.881583393126 -0.309053469950
 -4.53731070376 -3.28886233749 -1.97031183731 -0.807574666780 -0.154669267351 0.469191752165 0.954688990706 0.794611730454 0.0951337848359
 -4.20322722845 -2.92530972717 -1.70162540974 -0.693754136455 -0.00122024333553 0.543166415990 0.830349613884 0.662712805276 0.258451014075
 -3.82484526528 -2.43433923948 -1.28399111954 -0.512727585414 -0.0663410520466 0.392784953078 0.769701584105 0.685626712995 0.374100961159
 -3.63182932349 -2.16240573644 -0.744095456412 0.0228938258759 0.209331525742 0.322461875694 0.485677060632 0.494222000319 0.393587501375
 -3.47559701986 -2.12874115783 -0.837242524319 0.105097425825 0.510017949083 0.471793471201 0.354033172541 0.289334165590 0.245155881535
 -3.29485396964 -2.06380469927 -1.00944586701 -0.131085117242 0.582101393000 0.718133940216 0.406471666401 0.163136438783 0.0725865605010
 -3.09327035202 -1.83329674408 -0.917805947147 -0.154727674992 0.557972537183 0.780178402552 0.423849366664 0.110215931108 -0.0352341832744
 -2.92686343279 -1.62549101256 -0.491217551969 0.0750647990858 0.421794477926 0.620454358812 0.482095017766 0.131312455633 -0.0882528779349
 -2.75361158275 -1.30726069088 -0.130665103104 0.212321374301 0.434655871236 0.539755821792 0.342479742208 0.0311316783934 -0.160627874103
 -2.59239908296 -0.944667076802 0.527797021663 0.475306681112 0.284775464431 0.204441518384 0.0371907574969 -0.148058009709 -0.253506986168
 -2.42744582019 -0.677812197250 0.480948148105 0.529616814017 0.432733986349 0.180996562932 -0.115781819604 -0.286716843151 -0.346935022837
 -2.35043588579 -0.611577784869 0.540292572705 0.713279301813 0.399959452795 0.0403601271744 -0.257548469219 -0.414041578478 -0.449214671739
 -2.31139950056 -0.713580583571 0.541488197799 0.882472219182 0.377836212316 -0.0658099512430 -0.362755855140 -0.505935192626 -0.542264430404
 -2.48465676101 -0.886911019723 0.630262602437 0.933560141031 0.357092080107 -0.110811702988 -0.411856177418 -0.574007204276 -0.629028949792
 -2.46432520835 -0.905641119278 0.666760600464 0.838151980829 0.432231968791 -0.0326034762820 -0.391215162644 -0.589324432104 -0.671204836597
 -2.26285520028 -0.690652505496 0.753763432077 0.763162056251 0.356036503910 -0.0430007070746 -0.378083407890 -0.591102794224 -0.692732312376
 -1.90671458646 -0.383384292376 0.538839493531 0.798550197978 0.429418383825 -0.0338248852998 -0.379617709263 -0.594734936417 -0.703981875304
 -1.75914830628 -0.338302809990 0.827079132136 0.744361646598 0.222776944982 -0.162460831924 -0.454776417022 -0.652810578800 -0.758560092086
 -1.51805192559 -0.206885413757 0.803217798664 0.727081366171 0.255022280705 -0.187547691645 -0.504567343909 -0.703813280111 -0.802828201679
 -1.44945018353 -0.103670823041 0.874634458040 0.730390406067 0.182719519559 -0.271125752632 -0.593893423796 -0.785036769385 -0.870803853571
 -1.41552343292 -0.180347321135 0.671510738415 0.967630910130 0.297229452780 -0.357973063834 -0.716736795537 -0.886257615719 -0.947852398889
 -1.35550082244 0.0548332133213 0.913489638811 0.799006960000 0.136515462521 -0.451132812032 -0.810787412346 -0.970085721430 -1.01406612396
 -1.44728920487 -0.158951272902 0.870654607202 1.02591031605 0.0697640845800 -0.558121379624 -0.905742125575 -1.05656827675 -1.08701806442
 -1.50675727027 -0.144978485690 0.905783368853 0.986898892760 0.109767829470 -0.542958771761 -0.923057497775 -1.09147306277 -1.11935130940
 -1.46657458354 0.191326289782 0.744768410079 0.857367934602 0.232237608111 -0.352202704691 -0.825499845106 -1.04370924733 -1.07643167282
 -1.57920390681 -0.189262580314 0.614236753960 0.955004131965 0.346341031785 -0.188196489345 -0.675818262936 -0.927149659784 -0.987227154073
 -1.48578361560 1.22068624992e-05 0.413124077508 0.807715739666 0.443990002358 -0.0505617096170 -0.501631794458 -0.757152326433 -0.831951050997
 -1.20521004804 0.205340558110 0.543138318211 0.590062369891 0.269948575323 -0.0878157547067 -0.405055560743 -0.602556756500 -0.679738892055
 -1.18368922934 0.00390527171050 0.390646861588 0.785559940991 0.235538560174 -0.145199224309 -0.362473062861 -0.488230482903 -0.547725514223
 -1.03153894146 0.483372654046 0.526338373787 0.227065098092 0.00753558703850 -0.131597545945 -0.244389070445 -0.329003807821 -0.374995406365
 -1.03953954472 0.561766269878 0.186248766931 0.140215674000 0.0352375084325 -0.0472370120567 -0.112676380266 -0.170250986472 -0.209793555528
 -1.32082059405 -0.540997597093 -0.0403552390044 0.495222291414 0.378064077658 0.151803737249 0.0319670453683 -0.0311053079525 -0.0786535231593
 -1.68607618587 -0.904313645636 -0.253131682434 0.280218959455 0.321681492070 0.365844854901 0.254363977458 0.136736471746 0.0514591659760
 -1.64650741624 -0.741969488384 -0.251986009566 0.328884588381 0.304766808691 0.234840625214 0.200268341660 0.156754276575 0.141478210266
 -0.864461965804 -0.351324385069 -0.553036475382 -0.210320382418 0.0655627946021 0.256980126934 0.323899762992 0.322712851764 0.311362932155
 -0.465252648976 -0.889252464913 -0.998853033567 -0.416132094382 -0.0153229541220 0.351240631531 0.461651727423 0.401763480256 0.369072530164
# log_selcoffs_fsh[2]:
 -6.50691575102 -5.04665847667 -3.57873494752 -1.94890142002 -0.559766284249 0.342934769182 0.997958566606 1.13212383552 0.496730338865 -0.959721765853
 -6.41957840104 -4.96302136196 -3.46119098622 -2.03106359458 -0.853638008622 0.203484841119 0.982918486192 1.17331858324 0.514750613617 -0.512337821181
 -6.30057376109 -4.89068952514 -3.48189801726 -2.12996953138 -1.00112083105 0.0653222157551 0.935974234067 1.15275211129 0.603298573512 -0.149246954657
 -6.14898930835 -4.75551075353 -3.43762819982 -2.20678671457 -1.15030106080 -0.163635110550 0.787612275733 1.14942438588 0.751767683142 0.187482891472
 -5.99928182116 -4.54104261875 -3.21668656550 -2.15849811478 -1.29103422943 -0.394900109913 0.604913534468 1.09290157674 0.881315008467 0.503471536384
 -5.85402553395 -4.49434464131 -3.15519873938 -1.91242356563 -1.08082698020 -0.489325762924 0.286167538411 0.906156169138 1.00401426732 0.836351344101
 -5.71595500611 -4.45245689785 -3.22898476386 -2.08055638317 -1.07936360746 -0.327059444937 0.215197013321 0.688245345117 0.972673949463 1.05932102678
 -5.60369714609 -4.38707868916 -3.25026367053 -2.21679301119 -1.25548002839 -0.462336123852 0.207833714513 0.632757383965 0.941084764281 1.17706718103
 -5.52961070676 -4.29441853319 -3.14101868428 -2.19204358078 -1.39647602349 -0.624429446400 0.138595530880 0.692341115661 0.954554213628 1.19388196167
 -5.43812064332 -4.15201113188 -2.95522736219 -1.96222923574 -1.21421850331 -0.621242283423 -0.0600203655494 0.582261220227 0.980763156940 1.26829096456
 -5.36022682125 -3.96515313966 -2.62582448587 -1.54086483604 -0.874428347730 -0.434100071398 -0.0202327622231 0.404620793762 0.880522385680 1.31746592812
 -5.34272653765 -3.81304720360 -2.37208008045 -1.17614196477 -0.614167081787 -0.254954904170 0.000936272805807 0.367792460111 0.878901844094 1.22424823884
 -5.35438589237 -3.65284730630 -2.02358002375 -0.735784906178 -0.249588766303 0.0362178516224 0.161029374363 0.334279925587 0.715863056169 1.07310182851
 -5.38137612465 -3.48821815393 -1.67848686648 -0.481091780440 0.108333740414 0.238306966442 0.231800664538 0.325496003824 0.573316112946 0.857319311441
 -5.38324401108 -3.30890312166 -1.36467753116 -0.0933579954459 0.345286355459 0.310091400213 0.165818993748 0.222466528001 0.468028563940 0.688245162488
 -5.34987948418 -3.12744329958 -1.05125414131 0.0712140878154 0.329342636974 0.285030988370 0.171710629383 0.214481898634 0.420530180685 0.620001825898
 -5.33283714654 -3.07107027860 -0.932767669438 0.0734385306117 0.350315645919 0.325884954085 0.191740109022 0.194328417843 0.377254250959 0.582347044967
 -5.32390415271 -3.23819505332 -1.25433075571 0.0731304342940 0.483546588982 0.427703669175 0.216420582489 0.163367982919 0.316584303032 0.499368381974
 -5.28783630437 -3.35908922943 -1.52765315191 -0.165495649737 0.550123092703 0.512755602485 0.255848665659 0.170125750392 0.309677818036 0.502175905459
 -5.21988609854 -3.40347944197 -1.66271517450 -0.331861578842 0.340176462300 0.466719329308 0.296368141089 0.242793701357 0.419016723651 0.649163346243
 -5.18341384692 -3.49039856232 -1.88787825808 -0.562880855718 0.218155062763 0.476687960724 0.366529247342 0.279842841488 0.457686985562 0.714115094846
 -5.18096113937 -3.57324246310 -2.07079883790 -0.864491111917 0.0178904704041 0.501202001320 0.477814962069 0.365611346177 0.498025287610 0.718227727779
 -5.19551407638 -3.63819872257 -2.22741843663 -1.07341084846 -0.221460039186 0.483495206864 0.529397526746 0.450336396986 0.560816993954 0.730721878122
 -5.26107257823 -3.68615430391 -2.24021164897 -1.08047571255 -0.346216361558 0.240580910045 0.576180607742 0.548788653769 0.650008593689 0.750747456307
 -5.33314499348 -3.71324358601 -2.13948999542 -0.805521396155 -0.194088309788 0.0684617031217 0.356148810057 0.573651223547 0.697036602159 0.833521620074
 -5.43879043474 -3.76004598143 -2.22103358331 -0.900266499863 -0.149253431675 0.288632532743 0.374698439363 0.474829223836 0.648368861025 0.827132110381
 -5.64432933491 -3.92474872351 -2.23084552927 -0.823356227216 -0.0359664270199 0.440510394527 0.509293844279 0.466197184033 0.539237577165 0.662385474967
 -5.82982190626 -4.09980205438 -2.28095466614 -0.545809946608 0.153667115257 0.506166697603 0.489094780372 0.400036911799 0.515900608068 0.516432952394
 -5.98735399990 -4.28484630967 -2.54918459779 -0.859945294830 0.0901816344312 0.760115877112 0.617387574062 0.391110590712 0.470686038167 0.274364315759
 -6.12244452087 -4.38629486844 -2.69347161566 -1.03894747307 0.287051447049 0.878611782677 0.768749894492 0.393984403645 0.167306964264 0.00177569219162
 -6.20006135875 -4.37311589668 -2.54635794534 -0.878798339527 0.259632821358 0.855844323830 0.777481085626 0.405126167378 0.143462189486 0.0120837811317
 -6.23174098116 -4.29415530694 -2.35592661771 -0.678320961928 0.166354261778 0.508676313656 0.731456279063 0.577068841376 0.354050070522 0.226569664937
 -6.24518299008 -4.22037799918 -2.11570219787 -0.456462790266 0.0236208319413 0.136001143137 0.482415651659 0.710079451992 0.610606929532 0.447264468492
 -6.27775216142 -4.28804259399 -2.31544362024 -0.670179607183 0.0355105846255 0.383074643245 0.500027639448 0.617105079634 0.580887492734 0.458164911581
 -6.29150790604 -4.36404214316 -2.40413289977 -0.851122541249 -0.103819019891 0.312392143999 0.610090933202 0.636536002403 0.584409043782 0.516177820428
 -6.28894137902 -4.52241619496 -2.75302589572 -1.06379573300 -0.122995105232 0.359783336315 0.618083489818 0.691467459151 0.577298765660 0.487280538878
 -6.28882532326 -4.63794357579 -3.04009677170 -1.42353469716 -0.281891996220 0.343488544598 0.740648024844 0.732516992272 0.619745181401 0.405133626174
 -6.27357528710 -4.62484806800 -3.01431583559 -1.51676953118 -0.376941545152 0.334646610301 0.718621127438 0.773901015934 0.629776929425 0.431396438994
# log_selcoffs_fsh[3]:
 -0.920059478364 -0.102781093589 1.17280889559 0.428375632022 -0.679091451281 -1.41159117183 -1.70084376163
 -1.15947249180 -0.124889410812 1.19775747096 0.440052407719 -0.672748808534 -1.40612355182 -1.69887028387
 -0.592665456865 -0.167018829564 1.10792014657 0.453644474936 -0.608791684635 -1.33936486572 -1.64582942246
 -1.48503638871 -0.288596089197 1.23854141677 0.439672695629 -0.597995221459 -1.30176795859 -1.61218226118
 -1.88096404882 -0.206597281313 1.17925373472 0.493376392062 -0.470305498771 -1.19238192725 -1.53193211375
 -1.96937425727 -0.500614811508 0.972848730614 0.798199591400 -0.224006606032 -1.05426621937 -1.42906554781
 -1.68467711794 -0.428170005955 0.757683388100 0.930152932061 -0.133674303957 -1.00108853288 -1.37747089671
 -1.32176785396 0.564926425093 0.827600196339 0.334345356086 -0.370459771426 -1.05212715954 -1.38805607193
 -1.39022525221 0.637598974303 0.894372602096 0.218780471380 -0.483945476482 -1.12195545840 -1.48412835955
 -1.58998037193 0.313353087265 0.996308952049 0.477467485176 -0.482716816794 -1.22515077066 -1.62458185969
 -1.85163450847 -0.381358457935 0.900107193092 0.899906921383 -0.256776220891 -1.22625285997 -1.74919143257
 -1.81374567007 -0.341123642529 0.825071095856 0.934818388555 -0.177396556671 -1.22330622534 -1.79884739087
 -1.65950636977 -0.105866016378 1.01725979465 0.708015786826 -0.379499977588 -1.31606570837 -1.81852692913
 -1.42154666344 0.587432636287 0.995355594698 0.276816434227 -0.645590302041 -1.40401753987 -1.80347696896
 -1.47182890861 0.226505734255 1.17979298318 0.325347440525 -0.744054271579 -1.46485269779 -1.76155720686
 -1.47955546520 0.259346885138 1.25022534880 0.175754071638 -0.919742348143 -1.54388948124 -1.71073611974
 -1.27528210739 0.579175601746 1.11897588096 0.0779274779043 -0.977473267807 -1.51326568790 -1.62521339192
 -1.18936750159 0.631998460464 1.08728332499 0.00817918376354 -0.935648430566 -1.43875959080 -1.55946404460
 -0.698661800092 1.08115249182 0.645094497287 -0.210524975463 -0.959982908318 -1.40846034496 -1.55623069720
 -0.533304088988 1.19989969929 0.509323799867 -0.407801093248 -1.08694403406 -1.47709863008 -1.61580022654
 -0.321617844909 1.16418786973 0.570753499812 -0.473828406868 -1.21246864435 -1.59624581379 -1.71828995804
 -0.388318771821 1.14310631066 0.675639301916 -0.506225624041 -1.32203978671 -1.69886169433 -1.78516251400
 -0.207989942458 0.861158786780 0.978765848835 -0.537972721981 -1.43392417860 -1.76856159918 -1.78478245632
 -0.139501730799 1.07934573389 0.715382777319 -0.538447955553 -1.42638158914 -1.81076640558 -1.86351063137
 -0.329108404110 0.576595291675 1.09503422824 -0.101905087967 -1.21345424416 -1.77920880244 -1.95104038080
 -0.0775952554389 0.708597389755 0.639376546788 0.289204001298 -0.741833973589 -1.58770538428 -2.02325813965
 -0.874547081848 0.764827262111 0.865744616760 0.161301187698 -0.635758714793 -1.46608788227 -2.10249161419
 -1.38614299496 0.274327852477 1.15409448903 0.366792351276 -0.695663764296 -1.55981119535 -2.19688844980
 -1.52967294321 0.0302680088830 1.25061080686 0.419818341018 -0.770467843008 -1.73717020725 -2.30571251246
 -1.46533116542 0.246023084524 0.828581157880 0.880383543372 -0.631924807127 -1.80665216832 -2.38155268131
 -1.41233893573 1.05293164515 0.753507085965 0.124582309085 -0.926243607196 -1.88994527987 -2.45161198030
 -1.64876156024 0.577910638766 1.21854011062 0.0741788247100 -1.04761162685 -1.98506412542 -2.55092847148
 -1.90288074957 -0.105616273850 1.39843717678 0.294969446098 -1.02801492905 -2.05343351965 -2.61552904201
 -1.81647214015 -0.0597342186971 1.09146603222 0.827939358687 -0.847578338457 -2.05813407041 -2.63098166895
 -1.63834268675 0.0931452171586 1.34986535392 0.277112154101 -1.08417207436 -2.10525791607 -2.63302556538
 -1.17645032348 1.10785737566 0.850289088221 -0.166291356377 -1.24813105525 -2.14226347986 -2.62814346985
 -1.05669435375 1.03490134099 0.963422741402 -0.250440699410 -1.37024103791 -2.18485572246 -2.63219624826
 -0.822343408145 1.07749135586 0.881127500102 -0.258251930743 -1.36500628666 -2.20057016681 -2.64284660943
 -0.932682357316 1.01694778194 0.930263770163 -0.148546738206 -1.32777190319 -2.20803383008 -2.66443332571
 -1.11735292618 0.452801841891 1.30342815987 -0.0221673232539 -1.33050868478 -2.23116160719 -2.68205212785
 -1.24562282670 0.289772006069 1.38066200078 -0.0347208386259 -1.35316953417 -2.24347076064 -2.68535321506
# log_selcoffs_fsh[4]:
 -5.97112804416 -4.81703020317 -3.63774410073 -2.39899631155 -1.11411741413 0.0862064052044 0.945596757720 1.12210031514 0.592416952411
 -5.95820690684 -4.79700332081 -3.60487109574 -2.31509652776 -0.981771287645 0.180405257348 0.953218415573 1.05872974518 0.595596128670
 -5.92235179944 -4.75751730420 -3.57017893380 -2.31497231478 -1.00508107372 0.160272490755 0.937010163095 1.06480644074 0.625592040124
 -5.85574418395 -4.67910015096 -3.50039107222 -2.29370221321 -1.04553800482 0.0921893760622 0.893535591222 1.08036609586 0.702693585780
 -5.78410424532 -4.58104875974 -3.38933510173 -2.21504517696 -1.01372122952 0.0961416406468 0.857322371458 1.05464907892 0.766495356741
 -5.71068722709 -4.52111295135 -3.31998919022 -2.12044674526 -0.999717200166 0.0292333602976 0.810335130617 1.06893570140 0.820261378616
 -5.62005988272 -4.44372315462 -3.25202430793 -2.03678753899 -0.923081565118 0.0477546608670 0.781735284836 1.02976883271 0.868609842392
 -5.50586858478 -4.32064895189 -3.16725677093 -1.99721868937 -0.892742778698 0.0251491390432 0.736472912635 1.02670326193 0.912046924968
 -5.38941111616 -4.16016730135 -3.03449198321 -1.99228404655 -0.965155319996 -0.0137717884153 0.724146698957 1.01917570043 0.953286414940
 -5.27584652672 -4.05405552951 -2.87669725482 -1.80061218598 -0.879712573885 -0.0384941965655 0.640279654612 0.995112108299 1.02131289762
 -5.18591956842 -3.96412322707 -2.79140328036 -1.70291197849 -0.732183912171 0.0447336979502 0.614075970746 0.930093033104 1.03767006616
 -5.12405808368 -3.86298487804 -2.68313826670 -1.62859102046 -0.667319162476 0.135619860384 0.637922426885 0.890435602771 1.00115551803
 -5.07416071336 -3.72561137446 -2.47434122964 -1.46055857560 -0.635180816246 0.119181798159 0.668918394742 0.889037810199 0.960113678811
 -5.01615283130 -3.54404727588 -2.10791726283 -1.05202882396 -0.388367829835 0.126712326514 0.549994726973 0.833568026172 0.972951354386
 -4.93868164793 -3.38730370415 -1.85584051221 -0.713904517655 -0.141110477870 0.161127105343 0.435195383855 0.744907492091 0.962505124217
 -4.84178149090 -3.24251463420 -1.62800080156 -0.452175738002 -0.0601601491017 0.126267252146 0.368798731660 0.685431284637 0.960749402239
 -4.77317033335 -3.20332510708 -1.62827326550 -0.451867684841 -0.0458463983866 0.178053029616 0.393922173524 0.664018834561 0.933252862578
 -4.71962676769 -3.28207599977 -1.95686275191 -0.938218434557 -0.225109215153 0.355073691682 0.606342108909 0.694977692494 0.858159474723
 -4.63095333867 -3.30526468844 -2.09872611551 -1.15597464252 -0.421926794705 0.216644731164 0.618404807004 0.822651446939 0.910684674621
 -4.57790776582 -3.31561879981 -2.18215390383 -1.27679825906 -0.602251656210 0.0269981881904 0.624656052778 0.943260504735 0.936405598367
 -4.50937602354 -3.24942415832 -2.10971862275 -1.29502218833 -0.676578433585 -0.127805618187 0.474078192422 1.00057615139 1.04390101587
 -4.41648412744 -3.14241036429 -1.83152667417 -1.12443476546 -0.672417621648 -0.140676679185 0.372738543036 0.844718858742 1.19436738760
 -4.32359588370 -3.19587078551 -2.10829921945 -1.23236665003 -0.629140486690 -0.0665608293163 0.370109599945 0.799217619441 1.22154399599
 -4.19126505425 -3.11853468521 -2.14005329042 -1.30063424076 -0.641814106359 -0.107306995197 0.321107876190 0.771918434035 1.27633690387
 -4.15801254648 -3.07847057354 -2.00894681019 -1.09999182076 -0.460208116674 0.108488377206 0.490979479721 0.790862323081 1.05999989109
 -3.97709311468 -2.84183422776 -1.64133765438 -0.878797985773 -0.496217699613 -0.0138473806214 0.473745961260 0.822698326772 1.04247501582
 -3.70241817429 -2.65963455493 -1.59491337484 -0.830090686853 -0.396316006598 -0.0260129410814 0.407732931030 0.814569560647 1.05001740108
 -3.27871048789 -2.34564496029 -1.45787867819 -0.774876937067 -0.380872944519 -0.0769491129727 0.208589686031 0.689937950603 1.20546617093
 -2.73038040552 -1.92506745758 -1.31343780478 -0.827498044904 -0.537124137120 -0.312832913445 0.0811277338494 0.643519923754 1.32957257508
 -2.79051638219 -2.13438250658 -1.30733623169 -0.736526036615 -0.527750672304 -0.385895265166 -0.0270339603038 0.658503395373 1.35994516776
 -2.53674753815 -1.93452468410 -1.59480331306 -1.07970551072 -0.668755052863 -0.424860083892 0.00470537594819 0.665361018058 1.41527613653
 -2.53649118891 -2.00726609700 -1.57144748434 -1.12272629950 -0.738105421880 -0.409828877743 0.0627602164915 0.739288665450 1.37431441364
# log_sel_spl_fsh[1]:
 0.00000000000 0.00000000000 0.00000000000 0.00000000000
 0.00000000000 0.00000000000 0.00000000000 0.00000000000
 0.00000000000 0.00000000000 0.00000000000 0.00000000000
 0.00000000000 0.00000000000 0.00000000000 0.00000000000
 0.00000000000 0.00000000000 0.00000000000 0.00000000000
 0.00000000000 0.00000000000 0.00000000000 0.00000000000
 0.00000000000 0.00000000000 0.00000000000 0.00000000000
 0.00000000000 0.00000000000 0.00000000000 0.00000000000
 0.00000000000 0.00000000000 0.00000000000 0.00000000000
 0.00000000000 0.00000000000 0.00000000000 0.00000000000
 0.00000000000 0.00000000000 0.00000000000 0.00000000000
 0.00000000000 0.00000000000 0.00000000000 0.00000000000
 0.00000000000 0.00000000000 0.00000000000 0.00000000000
 0.00000000000 0.00000000000 0.00000000000 0.00000000000
 0.00000000000 0.00000000000 0.00000000000 0.00000000000
 0.00000000000 0.00000000000 0.00000000000 0.00000000000
 0.00000000000 0.00000000000 0.00000000000 0.00000000000
 0.00000000000 0.00000000000 0.00000000000 0.00000000000
 0.00000000000 0.00000000000 0.00000000000 0.00000000000
 0.00000000000 0.00000000000 0.00000000000 0.00000000000
 0.00000000000 0.00000000000 0.00000000000 0.00000000000
 0.00000000000 0.00000000000 0.00000000000 0.00000000000
 0.00000000000 0.00000000000 0.00000000000 0.00000000000
 0.00000000000 0.00000000000 0.00000000000 0.00000000000
 0.00000000000 0.00000000000 0.00000000000 0.00000000000
 0.00000000000 0.00000000000 0.00000000000 0.00000000000
 0.00000000000 0.00000000000 0.00000000000 0.00000000000
 0.00000000000 0.00000000000 0.00000000000 0.00000000000
 0.00000000000 0.00000000000 0.00000000000 0.00000000000
 0.00000000000 0.00000000000 0.00000000000 0.00000000000
 0.00000000000 0.00000000000 0.00000000000 0.00000000000
 0.00000000000 0.00000000000 0.00000000000 0.00000000000
 0.00000000000 0.00000000000 0.00000000000 0.00000000000
 0.00000000000 0.00000000000 0.00000000000 0.00000000000
 0.00000000000 0.00000000000 0.00000000000 0.00000000000
 0.00000000000 0.00000000000 0.00000000000 0.00000000000
 0.00000000000 0.00000000000 0.00000000000 0.00000000000
# log_sel_spl_fsh[2]:
 0.00000000000 0.00000000000 0.00000000000 0.00000000000
 0.00000000000 0.00000000000 0.00000000000 0.00000000000
 0.00000000000 0.00000000000 0.00000000000 0.00000000000
 0.00000000000 0.00000000000 0.00000000000 0.00000000000
 0.00000000000 0.00000000000 0.00000000000 0.00000000000
 0.00000000000 0.00000000000 0.00000000000 0.00000000000
 0.00000000000 0.00000000000 0.00000000000 0.00000000000
 0.00000000000 0.00000000000 0.00000000000 0.00000000000
 0.00000000000 0.00000000000 0.00000000000 0.00000000000
 0.00000000000 0.00000000000 0.00000000000 0.00000000000
 0.00000000000 0.00000000000 0.00000000000 0.00000000000
 0.00000000000 0.00000000000 0.00000000000 0.00000000000
 0.00000000000 0.00000000000 0.00000000000 0.00000000000
 0.00000000000 0.00000000000 0.00000000000 0.00000000000
 0.00000000000 0.00000000000 0.00000000000 0.00000000000
 0.00000000000 0.00000000000 0.00000000000 0.00000000000
 0.00000000000 0.00000000000 0.00000000000 0.00000000000
 0.00000000000 0.00000000000 0.00000000000 0.00000000000
 0.00000000000 0.00000000000 0.00000000000 0.00000000000
 0.00000000000 0.00000000000 0.00000000000 0.00000000000
 0.00000000000 0.00000000000 0.00000000000 0.00000000000
 0.00000000000 0.00000000000 0.00000000000 0.00000000000
 0.00000000000 0.00000000000 0.00000000000 0.00000000000
 0.00000000000 0.00000000000 0.00000000000 0.00000000000
 0.00000000000 0.00000000000 0.00000000000 0.00000000000
 0.00000000000 0.00000000000 0.00000000000 0.00000000000
 0.00000000000 0.00000000000 0.00000000000 0.00000000000
 0.00000000000 0.00000000000 0.00000000000 0.00000000000
 0.00000000000 0.00000000000 0.00000000000 0.00000000000
 0.00000000000 0.00000000000 0.00000000000 0.00000000000
 0.00000000000 0.00000000000 0.00000000000 0.00000000000
 0.00000000000 0.00000000000 0.00000000000 0.00000000000
 0.00000000000 0.00000000000 0.00000000000 0.00000000000
 0.00000000000 0.00000000000 0.00000000000 0.00000000000
 0.00000000000 0.00000000000 0.00000000000 0.00000000000
 0.00000000000 0.00000000000 0.00000000000 0.00000000000
 0.00000000000 0.00000000000 0.00000000000 0.00000000000
 0.00000000000 0.00000000000 0.00000000000 0.00000000000
# log_sel_spl_fsh[3]:
 0.00000000000 0.00000000000 0.00000000000 0.00000000000
 0.00000000000 0.00000000000 0.00000000000 0.00000000000
 0.00000000000 0.00000000000 0.00000000000 0.00000000000
 0.00000000000 0.00000000000 0.00000000000 0.00000000000
 0.00000000000 0.00000000000 0.00000000000 0.00000000000
 0.00000000000 0.00000000000 0.00000000000 0.00000000000
 0.00000000000 0.00000000000 0.00000000000 0.00000000000
 0.00000000000 0.00000000000 0.00000000000 0.00000000000
 0.00000000000 0.00000000000 0.00000000000 0.00000000000
 0.00000000000 0.00000000000 0.00000000000 0.00000000000
 0.00000000000 0.00000000000 0.00000000000 0.00000000000
 0.00000000000 0.00000000000 0.00000000000 0.00000000000
 0.00000000000 0.00000000000 0.00000000000 0.00000000000
 0.00000000000 0.00000000000 0.00000000000 0.00000000000
 0.00000000000 0.00000000000 0.00000000000 0.00000000000
 0.00000000000 0.00000000000 0.00000000000 0.00000000000
 0.00000000000 0.00000000000 0.00000000000 0.00000000000
 0.00000000000 0.00000000000 0.00000000000 0.00000000000
 0.00000000000 0.00000000000 0.00000000000 0.00000000000
 0.00000000000 0.00000000000 0.00000000000 0.00000000000
 0.00000000000 0.00000000000 0.00000000000 0.00000000000
 0.00000000000 0.00000000000 0.00000000000 0.00000000000
 0.00000000000 0.00000000000 0.00000000000 0.00000000000
 0.00000000000 0.00000000000 0.00000000000 0.00000000000
 0.00000000000 0.00000000000 0.00000000000 0.00000000000
 0.00000000000 0.00000000000 0.00000000000 0.00000000000
 0.00000000000 0.00000000000 0.00000000000 0.00000000000
 0.00000000000 0.00000000000 0.00000000000 0.00000000000
 0.00000000000 0.00000000000 0.00000000000 0.00000000000
 0.00000000000 0.00000000000 0.00000000000 0.00000000000
 0.00000000000 0.00000000000 0.00000000000 0.00000000000
 0.00000000000 0.00000000000 0.00000000000 0.00000000000
 0.00000000000 0.00000000000 0.00000000000 0.00000000000
 0.00000000000 0.00000000000 0.00000000000 0.00000000000
 0.00000000000 0.00000000000 0.00000000000 0.00000000000
 0.00000000000 0.00000000000 0.00000000000 0.00000000000
 0.00000000000 0.00000000000 0.00000000000 0.00000000000
 0.00000000000 0.00000000000 0.00000000000 0.00000000000
 0.00000000000 0.00000000000 0.00000000000 0.00000000000
 0.00000000000 0.00000000000 0.00000000000 0.00000000000
 0.00000000000 0.00000000000 0.00000000000 0.00000000000
# log_sel_spl_fsh[4]:
 0.00000000000 0.00000000000 0.00000000000 0.00000000000
 0.00000000000 0.00000000000 0.00000000000 0.00000000000
 0.00000000000 0.00000000000 0.00000000000 0.00000000000
 0.00000000000 0.00000000000 0.00000000000 0.00000000000
 0.00000000000 0.00000000000 0.00000000000 0.00000000000
 0.00000000000 0.00000000000 0.00000000000 0.00000000000
 0.00000000000 0.00000000000 0.00000000000 0.00000000000
 0.00000000000 0.00000000000 0.00000000000 0.00000000000
 0.00000000000 0.00000000000 0.00000000000 0.00000000000
 0.00000000000 0.00000000000 0.00000000000 0.00000000000
 0.00000000000 0.00000000000 0.00000000000 0.00000000000
 0.00000000000 0.00000000000 0.00000000000 0.00000000000
 0.00000000000 0.00000000000 0.00000000000 0.00000000000
 0.00000000000 0.00000000000 0.00000000000 0.00000000000
 0.00000000000 0.00000000000 0.00000000000 0.00000000000
 0.00000000000 0.00000000000 0.00000000000 0.00000000000
 0.00000000000 0.00000000000 0.00000000000 0.00000000000
 0.00000000000 0.00000000000 0.00000000000 0.00000000000
 0.00000000000 0.00000000000 0.00000000000 0.00000000000
 0.00000000000 0.00000000000 0.00000000000 0.00000000000
 0.00000000000 0.00000000000 0.00000000000 0.00000000000
 0.00000000000 0.00000000000 0.00000000000 0.00000000000
 0.00000000000 0.00000000000 0.00000000000 0.00000000000
 0.00000000000 0.00000000000 0.00000000000 0.00000000000
 0.00000000000 0.00000000000 0.00000000000 0.00000000000
 0.00000000000 0.00000000000 0.00000000000 0.00000000000
 0.00000000000 0.00000000000 0.00000000000 0.00000000000
 0.00000000000 0.00000000000 0.00000000000 0.00000000000
 0.00000000000 0.00000000000 0.00000000000 0.00000000000
 0.00000000000 0.00000000000 0.00000000000 0.00000000000
 0.00000000000 0.00000000000 0.00000000000 0.00000000000
 0.00000000000 0.00000000000 0.00000000000 0.00000000000
# logsel_slope_fsh[1]:
 0.00000000000 0.00000000000 0.00000000000 0.00000000000 0.00000000000 0.00000000000 0.00000000000 0.00000000000 0.00000000000 0.00000000000 0.00000000000 0.00000000000 0.00000000000 0.00000000000 0.00000000000 0.00000000000 0.00000000000 0.00000000000 0.00000000000 0.00000000000 0.00000000000 0.00000000000 0.00000000000 0.00000000000 0.00000000000 0.00000000000 0.00000000000 0.00000000000 0.00000000000 0.00000000000 0.00000000000 0.00000000000 0.00000000000 0.00000000000 0.00000000000 0.00000000000 0.00000000000
# logsel_slope_fsh[2]:
 0.00000000000 0.00000000000 0.00000000000 0.00000000000 0.00000000000 0.00000000000 0.00000000000 0.00000000000 0.00000000000 0.00000000000 0.00000000000 0.00000000000 0.00000000000 0.00000000000 0.00000000000 0.00000000000 0.00000000000 0.00000000000 0.00000000000 0.00000000000 0.00000000000 0.00000000000 0.00000000000 0.00000000000 0.00000000000 0.00000000000 0.00000000000 0.00000000000 0.00000000000 0.00000000000 0.00000000000 0.00000000000 0.00000000000 0.00000000000 0.00000000000 0.00000000000 0.00000000000 0.00000000000
# logsel_slope_fsh[3]:
 0.00000000000 0.00000000000 0.00000000000 0.00000000000 0.00000000000 0.00000000000 0.00000000000 0.00000000000 0.00000000000 0.00000000000 0.00000000000 0.00000000000 0.00000000000 0.00000000000 0.00000000000 0.00000000000 0.00000000000 0.00000000000 0.00000000000 0.00000000000 0.00000000000 0.00000000000 0.00000000000 0.00000000000 0.00000000000 0.00000000000 0.00000000000 0.00000000000 0.00000000000 0.00000000000 0.00000000000 0.00000000000 0.00000000000 0.00000000000 0.00000000000 0.00000000000 0.00000000000 0.00000000000 0.00000000000 0.00000000000 0.00000000000
# logsel_slope_fsh[4]:
 0.00000000000 0.00000000000 0.00000000000 0.00000000000 0.00000000000 0.00000000000 0.00000000000 0.00000000000 0.00000000000 0.00000000000 0.00000000000 0.00000000000 0.00000000000 0.00000000000 0.00000000000 0.00000000000 0.00000000000 0.00000000000 0.00000000000 0.00000000000 0.00000000000 0.00000000000 0.00000000000 0.00000000000 0.00000000000 0.00000000000 0.00000000000 0.00000000000 0.00000000000 0.00000000000 0.00000000000 0.00000000000
# sel50_fsh[1]:
 0.00000000000 0.00000000000 0.00000000000 0.00000000000 0.00000000000 0.00000000000 0.00000000000 0.00000000000 0.00000000000 0.00000000000 0.00000000000 0.00000000000 0.00000000000 0.00000000000 0.00000000000 0.00000000000 0.00000000000 0.00000000000 0.00000000000 0.00000000000 0.00000000000 0.00000000000 0.00000000000 0.00000000000 0.00000000000 0.00000000000 0.00000000000 0.00000000000 0.00000000000 0.00000000000 0.00000000000 0.00000000000 0.00000000000 0.00000000000 0.00000000000 0.00000000000 0.00000000000
# sel50_fsh[2]:
 0.00000000000 0.00000000000 0.00000000000 0.00000000000 0.00000000000 0.00000000000 0.00000000000 0.00000000000 0.00000000000 0.00000000000 0.00000000000 0.00000000000 0.00000000000 0.00000000000 0.00000000000 0.00000000000 0.00000000000 0.00000000000 0.00000000000 0.00000000000 0.00000000000 0.00000000000 0.00000000000 0.00000000000 0.00000000000 0.00000000000 0.00000000000 0.00000000000 0.00000000000 0.00000000000 0.00000000000 0.00000000000 0.00000000000 0.00000000000 0.00000000000 0.00000000000 0.00000000000 0.00000000000
# sel50_fsh[3]:
 0.00000000000 0.00000000000 0.00000000000 0.00000000000 0.00000000000 0.00000000000 0.00000000000 0.00000000000 0.00000000000 0.00000000000 0.00000000000 0.00000000000 0.00000000000 0.00000000000 0.00000000000 0.00000000000 0.00000000000 0.00000000000 0.00000000000 0.00000000000 0.00000000000 0.00000000000 0.00000000000 0.00000000000 0.00000000000 0.00000000000 0.00000000000 0.00000000000 0.00000000000 0.00000000000 0.00000000000 0.00000000000 0.00000000000 0.00000000000 0.00000000000 0.00000000000 0.00000000000 0.00000000000 0.00000000000 0.00000000000 0.00000000000
# sel50_fsh[4]:
 0.00000000000 0.00000000000 0.00000000000 0.00000000000 0.00000000000 0.00000000000 0.00000000000 0.00000000000 0.00000000000 0.00000000000 0.00000000000 0.00000000000 0.00000000000 0.00000000000 0.00000000000 0.00000000000 0.00000000000 0.00000000000 0.00000000000 0.00000000000 0.00000000000 0.00000000000 0.00000000000 0.00000000000 0.00000000000 0.00000000000 0.00000000000 0.00000000000 0.00000000000 0.00000000000 0.00000000000 0.00000000000
# logsel_p1_fsh[1]:
 0.00000000000 0.00000000000 0.00000000000 0.00000000000 0.00000000000 0.00000000000 0.00000000000 0.00000000000 0.00000000000 0.00000000000 0.00000000000 0.00000000000 0.00000000000 0.00000000000 0.00000000000 0.00000000000 0.00000000000 0.00000000000 0.00000000000 0.00000000000 0.00000000000 0.00000000000 0.00000000000 0.00000000000 0.00000000000 0.00000000000 0.00000000000 0.00000000000 0.00000000000 0.00000000000 0.00000000000 0.00000000000 0.00000000000 0.00000000000 0.00000000000 0.00000000000 0.00000000000
# logsel_p1_fsh[2]:
 0.00000000000 0.00000000000 0.00000000000 0.00000000000 0.00000000000 0.00000000000 0.00000000000 0.00000000000 0.00000000000 0.00000000000 0.00000000000 0.00000000000 0.00000000000 0.00000000000 0.00000000000 0.00000000000 0.00000000000 0.00000000000 0.00000000000 0.00000000000 0.00000000000 0.00000000000 0.00000000000 0.00000000000 0.00000000000 0.00000000000 0.00000000000 0.00000000000 0.00000000000 0.00000000000 0.00000000000 0.00000000000 0.00000000000 0.00000000000 0.00000000000 0.00000000000 0.00000000000 0.00000000000
# logsel_p1_fsh[3]:
 0.00000000000 0.00000000000 0.00000000000 0.00000000000 0.00000000000 0.00000000000 0.00000000000 0.00000000000 0.00000000000 0.00000000000 0.00000000000 0.00000000000 0.00000000000 0.00000000000 0.00000000000 0.00000000000 0.00000000000 0.00000000000 0.00000000000 0.00000000000 0.00000000000 0.00000000000 0.00000000000 0.00000000000 0.00000000000 0.00000000000 0.00000000000 0.00000000000 0.00000000000 0.00000000000 0.00000000000 0.00000000000 0.00000000000 0.00000000000 0.00000000000 0.00000000000 0.00000000000 0.00000000000 0.00000000000 0.00000000000 0.00000000000
# logsel_p1_fsh[4]:
 0.00000000000 0.00000000000 0.00000000000 0.00000000000 0.00000000000 0.00000000000 0.00000000000 0.00000000000 0.00000000000 0.00000000000 0.00000000000 0.00000000000 0.00000000000 0.00000000000 0.00000000000 0.00000000000 0.00000000000 0.00000000000 0.00000000000 0.00000000000 0.00000000000 0.00000000000 0.00000000000 0.00000000000 0.00000000000 0.00000000000 0.00000000000 0.00000000000 0.00000000000 0.00000000000 0.00000000000 0.00000000000
# sel_p2_fsh[1]:
 0.00000000000 0.00000000000 0.00000000000 0.00000000000 0.00000000000 0.00000000000 0.00000000000 0.00000000000 0.00000000000 0.00000000000 0.00000000000 0.00000000000 0.00000000000 0.00000000000 0.00000000000 0.00000000000 0.00000000000 0.00000000000 0.00000000000 0.00000000000 0.00000000000 0.00000000000 0.00000000000 0.00000000000 0.00000000000 0.00000000000 0.00000000000 0.00000000000 0.00000000000 0.00000000000 0.00000000000 0.00000000000 0.00000000000 0.00000000000 0.00000000000 0.00000000000 0.00000000000
# sel_p2_fsh[2]:
 0.00000000000 0.00000000000 0.00000000000 0.00000000000 0.00000000000 0.00000000000 0.00000000000 0.00000000000 0.00000000000 0.00000000000 0.00000000000 0.00000000000 0.00000000000 0.00000000000 0.00000000000 0.00000000000 0.00000000000 0.00000000000 0.00000000000 0.00000000000 0.00000000000 0.00000000000 0.00000000000 0.00000000000 0.00000000000 0.00000000000 0.00000000000 0.00000000000 0.00000000000 0.00000000000 0.00000000000 0.00000000000 0.00000000000 0.00000000000 0.00000000000 0.00000000000 0.00000000000 0.00000000000
# sel_p2_fsh[3]:
 0.00000000000 0.00000000000 0.00000000000 0.00000000000 0.00000000000 0.00000000000 0.00000000000 0.00000000000 0.00000000000 0.00000000000 0.00000000000 0.00000000000 0.00000000000 0.00000000000 0.00000000000 0.00000000000 0.00000000000 0.00000000000 0.00000000000 0.00000000000 0.00000000000 0.00000000000 0.00000000000 0.00000000000 0.00000000000 0.00000000000 0.00000000000 0.00000000000 0.00000000000 0.00000000000 0.00000000000 0.00000000000 0.00000000000 0.00000000000 0.00000000000 0.00000000000 0.00000000000 0.00000000000 0.00000000000 0.00000000000 0.00000000000
# sel_p2_fsh[4]:
 0.00000000000 0.00000000000 0.00000000000 0.00000000000 0.00000000000 0.00000000000 0.00000000000 0.00000000000 0.00000000000 0.00000000000 0.00000000000 0.00000000000 0.00000000000 0.00000000000 0.00000000000 0.00000000000 0.00000000000 0.00000000000 0.00000000000 0.00000000000 0.00000000000 0.00000000000 0.00000000000 0.00000000000 0.00000000000 0.00000000000 0.00000000000 0.00000000000 0.00000000000 0.00000000000 0.00000000000 0.00000000000
# logsel_p3_fsh[1]:
 0.00000000000 0.00000000000 0.00000000000 0.00000000000 0.00000000000 0.00000000000 0.00000000000 0.00000000000 0.00000000000 0.00000000000 0.00000000000 0.00000000000 0.00000000000 0.00000000000 0.00000000000 0.00000000000 0.00000000000 0.00000000000 0.00000000000 0.00000000000 0.00000000000 0.00000000000 0.00000000000 0.00000000000 0.00000000000 0.00000000000 0.00000000000 0.00000000000 0.00000000000 0.00000000000 0.00000000000 0.00000000000 0.00000000000 0.00000000000 0.00000000000 0.00000000000 0.00000000000
# logsel_p3_fsh[2]:
 0.00000000000 0.00000000000 0.00000000000 0.00000000000 0.00000000000 0.00000000000 0.00000000000 0.00000000000 0.00000000000 0.00000000000 0.00000000000 0.00000000000 0.00000000000 0.00000000000 0.00000000000 0.00000000000 0.00000000000 0.00000000000 0.00000000000 0.00000000000 0.00000000000 0.00000000000 0.00000000000 0.00000000000 0.00000000000 0.00000000000 0.00000000000 0.00000000000 0.00000000000 0.00000000000 0.00000000000 0.00000000000 0.00000000000 0.00000000000 0.00000000000 0.00000000000 0.00000000000 0.00000000000
# logsel_p3_fsh[3]:
 0.00000000000 0.00000000000 0.00000000000 0.00000000000 0.00000000000 0.00000000000 0.00000000000 0.00000000000 0.00000000000 0.00000000000 0.00000000000 0.00000000000 0.00000000000 0.00000000000 0.00000000000 0.00000000000 0.00000000000 0.00000000000 0.00000000000 0.00000000000 0.00000000000 0.00000000000 0.00000000000 0.00000000000 0.00000000000 0.00000000000 0.00000000000 0.00000000000 0.00000000000 0.00000000000 0.00000000000 0.00000000000 0.00000000000 0.00000000000 0.00000000000 0.00000000000 0.00000000000 0.00000000000 0.00000000000 0.00000000000 0.00000000000
# logsel_p3_fsh[4]:
 0.00000000000 0.00000000000 0.00000000000 0.00000000000 0.00000000000 0.00000000000 0.00000000000 0.00000000000 0.00000000000 0.00000000000 0.00000000000 0.00000000000 0.00000000000 0.00000000000 0.00000000000 0.00000000000 0.00000000000 0.00000000000 0.00000000000 0.00000000000 0.00000000000 0.00000000000 0.00000000000 0.00000000000 0.00000000000 0.00000000000 0.00000000000 0.00000000000 0.00000000000 0.00000000000 0.00000000000 0.00000000000
# rec_dev_future:
 0.00000000000 0.00000000000 0.00000000000 0.00000000000 0.00000000000 0.00000000000 0.00000000000 0.00000000000 0.00000000000 0.00000000000 0.00000000000 0.00000000000 0.00000000000 0.00000000000 0.00000000000 0.00000000000 0.00000000000 0.00000000000 0.00000000000 0.00000000000
# log_q_ind[1]:
-0.103665530366
# log_q_ind[2]:
-3.06564450589
# log_q_ind[3]:
-9.57346903518
# log_q_ind[4]:
-0.756439414631
# log_q_ind[5]:
-6.19967552189
# log_q_ind[6]:
-8.43631660712
# log_q_ind[7]:
-1.22199394672
# log_q_power_ind[1]:
0.00000000000
# log_q_power_ind[2]:
0.00000000000
# log_q_power_ind[3]:
0.00000000000
# log_q_power_ind[4]:
0.00000000000
# log_q_power_ind[5]:
0.00000000000
# log_q_power_ind[6]:
0.00000000000
# log_q_power_ind[7]:
0.00000000000
# log_rw_q_ind[1]:
 -1.21115945255
# log_rw_q_ind[3]:
 -0.389756417443
# log_selcoffs_ind[1]:
 -3.22090628424 -2.06770166947 -0.965256392089 -0.115923723531 0.330706156062 0.479648771755 0.436714527570 0.340270456254 0.273428215226 0.252557909002
 -3.15504727967 -2.24618683254 -1.36994733931 -0.570561242924 0.0773900787476 0.480792239594 0.589453446768 0.514300713848 0.393681436445 0.319555040665
# log_selcoffs_ind[2]:
 -0.702848091877 -0.190097000204 0.122551343897 0.211080892881 0.0911311520180 -0.0174281761154 -0.0308110717138 0.0333983223884 0.0999684055763 0.118374903501
 -0.172550649589 -0.00826537240028 0.0653586284226 0.135738457600 0.138067939528 0.0767595999248 -0.00951050419773 -0.0753620846798 -0.101472676695 -0.100364579964
 0.126060139924 0.0605504841285 0.0968778498583 0.177147887059 0.166230178960 0.0585658653287 -0.0869452765585 -0.206522660498 -0.263279694019 -0.264130809710
# log_selcoffs_ind[3]:
 -0.202940821038 0.0202027052767 0.0202027052767 0.0202027052767 0.0202027052767 0.0202027052767 0.0202027052767 0.0202027052767 0.0202027052767 0.0202027052767
# log_selcoffs_ind[4]:
 -2.61852698938 -1.61449580294 -0.748611913806 -0.201447428108 0.0277869292947 0.167298840019 0.291452877398 0.408272421213 0.498661319669 0.552816912849
 -3.23701157968 -2.35664661190 -1.49567330498 -0.756103564031 -0.200406263724 0.196443503425 0.456668402422 0.608897369211 0.632595737310 0.608257738680
# log_selcoffs_ind[5]:
 -3.04452005677 -0.669616569639 0.101782682789 0.174353368097 0.174353368097 0.174353368097 0.174353368097 0.174353368097 0.174353368097 0.174353368097
# log_selcoffs_ind[6]:
 -3.04452005677 -0.669616569639 0.101782682789 0.174353368097 0.174353368097 0.174353368097 0.174353368097 0.174353368097 0.174353368097 0.174353368097
# log_selcoffs_ind[7]:
 -3.04452005677 -0.669616569639 0.101782682789 0.174353368097 0.174353368097 0.174353368097 0.174353368097 0.174353368097 0.174353368097 0.174353368097
# logsel_slope_ind[1]:
 0.00000000000 0.00000000000
# logsel_slope_ind[2]:
 0.00000000000 0.00000000000 0.00000000000
# logsel_slope_ind[3]:
 0.00000000000
# logsel_slope_ind[4]:
 0.00000000000 0.00000000000
# logsel_slope_ind[5]:
 0.00000000000
# logsel_slope_ind[6]:
 0.00000000000
# logsel_slope_ind[7]:
 0.00000000000
# sel50_ind[1]:
 0.00000000000 0.00000000000
# sel50_ind[2]:
 0.00000000000 0.00000000000 0.00000000000
# sel50_ind[3]:
 0.00000000000
# sel50_ind[4]:
 0.00000000000 0.00000000000
# sel50_ind[5]:
 0.00000000000
# sel50_ind[6]:
 0.00000000000
# sel50_ind[7]:
 0.00000000000
# logsel_p1_ind[1]:
 0.00000000000 0.00000000000
# logsel_p1_ind[2]:
 0.00000000000 0.00000000000 0.00000000000
# logsel_p1_ind[3]:
 0.00000000000
# logsel_p1_ind[4]:
 0.00000000000 0.00000000000
# logsel_p1_ind[5]:
 0.00000000000
# logsel_p1_ind[6]:
 0.00000000000
# logsel_p1_ind[7]:
 0.00000000000
# sel_p2_ind[1]:
 0.00000000000 0.00000000000
# sel_p2_ind[2]:
 0.00000000000 0.00000000000 0.00000000000
# sel_p2_ind[3]:
 0.00000000000
# sel_p2_ind[4]:
 0.00000000000 0.00000000000
# sel_p2_ind[5]:
 0.00000000000
# sel_p2_ind[6]:
 0.00000000000
# sel_p2_ind[7]:
 0.00000000000
# logsel_p3_ind[1]:
 0.00000000000 0.00000000000
# logsel_p3_ind[2]:
 0.00000000000 0.00000000000 0.00000000000
# logsel_p3_ind[3]:
 0.00000000000
# logsel_p3_ind[4]:
 0.00000000000 0.00000000000
# logsel_p3_ind[5]:
 0.00000000000
# logsel_p3_ind[6]:
 0.00000000000
# logsel_p3_ind[7]:
 0.00000000000
