# Number of parameters = 1660 Objective function value = 1463.26623319855  Maximum gradient component = 0.0915645762134322
# Mest[1]:
0.230000000000
# log_Linf[1]:
4.30945594184
# log_k[1]:
-1.83258146375
# log_Lo[1]:
2.89037175790
# log_sdage[1]:
-2.40794560865
# mean_log_rec[1]:
9.62679378810
# steepness[1]:
0.650000000000
# log_Rzero[1]:
9.36548655900
# rec_dev:
 -0.446404745353 -0.520224715109 -0.600499229785 -0.687994087843 -0.780341339288 -0.873847074809 -0.843702720886 -0.850241444988 -0.700804863189 -0.646039688187 -0.565020821094 -0.401145647695 -0.437575033744 -0.391218607235 -0.346110097118 -0.146592344006 0.191229513757 0.362197493575 0.328439479619 0.366663731739 0.369422367943 0.410182725734 0.607192544521 0.759684452466 0.566210755681 1.05242108003 1.24286061048 0.648521456172 0.583006164339 0.758183469093 0.618002713390 0.701802548688 0.335450165035 0.366264660673 0.0181712501110 -0.0461619853483 0.223941548783 0.330163387340 0.632344837234 0.579205350616 0.744812611499 0.777286276192 0.364494638334 -0.0190799096052 -0.583703667033 -0.556133146514 -0.806746806688 -0.782364733271 -1.16442263231 -1.27666055402 -0.701060920304 -0.485557777357 -1.06417271225 -0.564713479422 -0.703242365871 -0.423029670739 -0.414074087348 0.0161346620343 0.882387182918 0.888746587322 0.310353434739 -0.0837158822705 0.0386709424095
# log_sigmar[1]:
-0.510825623766
# fmort:
 0.0101337921586 0.0149770557666 0.00683446287428 0.00870732967013 0.0169242014739 0.0210140761863 0.0256783389955 0.0223721015565 0.0441774530443 0.0371030835947 0.0255192106147 0.0376720214517 0.0727471402973 0.0281562067583 0.0656168632831 0.0442400536169 0.00436826353041 0.0207103780988 0.0175316311947 0.0158110239514 0.0142832645284 0.0173137082396 0.0175953338941 0.0205560086335 0.0141197964920 0.0194168453848 0.0352614658290 0.0144183816423 0.00415816862804 0.00654411280633 0.00993178591221 0.0197531927030 0.00841242612775 0.0117306254413 0.0128222971022 0.0202742156567 0.0248958692563 0.0342591339582 0.0469521064709 0.0477236828533 0.0673674862612 0.0110581843736 0.00430803959119 0.00533476462849 0.00581990743385 0.00722529443948 0.00565822522134 0.00830081280773 0.00261097553192 0.00165847219378 0.00452593289920 0.00342830915367
 0.00129581317986 0.00199376479350 0.00305550348254 0.00508781495427 0.00367921500809 0.00668820698790 0.00870543681190 0.0128374878701 0.0209123370898 0.0260798889370 0.0239028046485 0.0480990594083 0.0668194527297 0.0543246381235 0.0723010979173 0.101788256568 0.113859967839 0.152871056432 0.210715555414 0.221575480239 0.226015030848 0.293241640809 0.396803236031 0.379985407115 0.480426204859 0.592317432842 0.542034088004 0.568530230085 0.351743853152 0.235427495912 0.175129316525 0.201288114118 0.194607130138 0.178058889459 0.174690630963 0.176098267101 0.189067354973 0.230460493157 0.197120453125 0.253791399529 0.137084188962 0.0962536296515 0.0914431112093 0.0707105801627 0.0624309709633 0.0641031234661 0.0716106338900 0.0681010350792 0.0764433868633 0.0744576818948 0.0684618071095 0.0630970922116
 0.000198107419640 0.000370488325714 0.000823318918771 0.00177003486855 0.00534695446954 0.00155869366554 0.00185996219526 0.0161507884151 0.0106347455686 0.00859038383004 0.0105279218964 0.0105684164515 0.00341427024737 0.00253443595913 0.00346708568077 0.00189710003529 0.000736898934124 0.000674185714757 0.00377994732453 0.00490457003786 0.00584176527536 0.00349804864418 0.00189426097143 0.00284994189483 0.00534773659696 0.0182602605606 0.0206369352241 0.0285144428213 0.0162124718728 0.00646870377590 0.00812170377361 0.0218845390679 0.00397327138823 0.00719110500998 0.00697992240308 0.00373044349983 0.0156747373564 0.0181950337381 0.0140469723295 0.00774968047338 0.00259191634943 0.0272815763323 0.0121114688589 0.00517575153990 0.00450986065101 0.00147663183449 0.000861473291189 0.000414210149759 0.00158822792778 0.00221037765285 0.00176509014228 0.00189000489098
 1.79578574233e-13 1.92068583260e-13 0.000496537080234 2.06779038336e-13 2.13440376484e-13 2.17603712827e-13 3.20136743837e-06 0.000219331255282 0.00460123975188 0.0286456970129 0.0257027139954 0.0327824807282 0.0743434316059 0.0871698969856 0.115077238015 0.0931425816135 0.0884248187959 0.0918707971874 0.0947490096609 0.0806872490414 0.0682661660096 0.0432838074737 0.00370188827611 2.23987495218e-13 2.23432383706e-13 2.80331313718e-13 3.41393580072e-13 5.03763697424e-13 6.21724893790e-13 3.04626797315e-06 0.000608800967233 0.00440305412072 0.0135731244965 0.0260026233307 0.0453457042118 0.0378628941987 0.0566127515799 0.0856656072607 0.106358742053 0.138826706135 0.121655173317 0.0306154076196 0.0198620535202 0.0194682674480 0.0205323783191 0.0259200063098 0.0155194677592 0.0116329694671 0.00828073286792 0.00750560249658 0.000560014271542 0.00573242986187
# log_selcoffs_fsh[1]:
 -4.84741632071 -3.69105622036 -2.43605658483 -1.19770144612 -0.255339439967 0.527074828481 1.09318167595 0.876511315027 -0.324438284064
 -4.53126754245 -3.28200880923 -1.96277012284 -0.799677130831 -0.147122442364 0.475179963081 0.956573318753 0.789495704959 0.0817616711746
 -4.19852729891 -2.92010676398 -1.69587515822 -0.687394162309 0.00541483379673 0.548669585714 0.831840626723 0.657830894470 0.247023182703
 -3.82129468682 -2.43046651862 -1.27965016066 -0.507746633184 -0.0606158831396 0.398033969947 0.771546953335 0.681696820011 0.364435724769
 -3.62923824159 -2.15975940984 -0.741152924161 0.0264268054383 0.213507327079 0.326507168759 0.487165683019 0.490417915545 0.385223319923
 -3.47341528060 -2.12680756665 -0.835386498740 0.107250297988 0.512558603630 0.474117432040 0.354636207146 0.286334010750 0.238623444778
 -3.29303115654 -2.06238911845 -1.00832885459 -0.129949824800 0.583533949957 0.719503138691 0.406719017677 0.161039319847 0.0679899746528
 -3.09194668622 -1.83241659754 -0.917216514366 -0.154236130428 0.558646760766 0.781101717073 0.424147727194 0.108865033621 -0.0383463454199
 -2.92604550579 -1.62510631688 -0.491038119489 0.0753169436016 0.422143434733 0.620995233324 0.482462679585 0.130605642246 -0.0902525121389
 -2.75318803831 -1.30733027762 -0.130845559634 0.212308025869 0.434920083792 0.540127530882 0.342757178434 0.0308400038333 -0.161766055825
 -2.59217746194 -0.945043422306 0.527208166301 0.475151441372 0.285036655264 0.204977074033 0.0376938529761 -0.147911587068 -0.253861908270
 -2.42728613312 -0.678327544915 0.480145359219 0.529057682982 0.432914692666 0.181641352703 -0.114950331399 -0.286075698921 -0.346621999644
 -2.35015247779 -0.611949528863 0.539471517543 0.712631338274 0.399949879685 0.0410506590707 -0.256463552872 -0.412902842513 -0.448261620326
 -2.31091171389 -0.713536197527 0.540883910436 0.881719027254 0.377639101926 -0.0652872387950 -0.361597121069 -0.504461626668 -0.540734752850
 -2.48409383038 -0.886780408032 0.629853392681 0.932801600778 0.356726670633 -0.110453740818 -0.410733690271 -0.572285556026 -0.626998713065
 -2.46390167530 -0.905564545447 0.666315895771 0.837321968632 0.431706312819 -0.0323545271487 -0.390016014051 -0.587271326003 -0.668597177990
 -2.26274330473 -0.690803139762 0.753194733253 0.762193379543 0.355393708043 -0.0427615778003 -0.376675045693 -0.588565551872 -0.689409856869
 -1.90701968197 -0.383835021847 0.537990707705 0.797394645756 0.428706309510 -0.0334645225796 -0.377818469305 -0.591505277397 -0.699742235997
 -1.76014782367 -0.339162823401 0.826041280827 0.743204976290 0.222136594263 -0.161898112812 -0.452536508408 -0.648860966719 -0.753387657258
 -1.52009116415 -0.208182121859 0.801969061217 0.725698035922 0.254452735464 -0.186611656887 -0.501631930921 -0.698864801687 -0.796429788717
 -1.45316040774 -0.105845855911 0.873247088563 0.729080118020 0.182402995380 -0.269634040975 -0.590108636304 -0.778971214959 -0.863086388710
 -1.42077011999 -0.184618885127 0.669423373814 0.966711918986 0.297631777340 -0.355558869145 -0.711784657767 -0.878825693213 -0.938613902877
 -1.36095096905 0.0490285556667 0.909666803418 0.799297561570 0.138885928122 -0.446799012662 -0.803852513919 -0.960544385725 -1.00264337612
 -1.45166727050 -0.164137972514 0.865689367288 1.02477956138 0.0734615294086 -0.551617378247 -0.896395959572 -1.04452846228 -1.07314851603
 -1.50916778555 -0.148205014779 0.900956029383 0.983881392368 0.112519360566 -0.534946131605 -0.910990265589 -1.07623388508 -1.10237917054
 -1.46705341159 0.189920043520 0.741557211586 0.852098327675 0.231262382114 -0.346732437192 -0.813242243452 -1.02653376144 -1.05661471674
 -1.57789474915 -0.188623809273 0.613046155697 0.950608372137 0.342022969326 -0.187608624706 -0.667423087336 -0.911213427663 -0.966619169423
 -1.48536040640 0.00324431529954 0.412922354406 0.803223361304 0.436980177869 -0.0530588495380 -0.495645509223 -0.742025072124 -0.810355850307
 -1.21278839316 0.204662784393 0.540019753701 0.583035102791 0.263365714398 -0.0886340847894 -0.396172536531 -0.583363128786 -0.652732032713
 -1.20073842125 -0.00615424916682 0.384331169174 0.777966306395 0.230669780324 -0.142526029017 -0.348871726614 -0.463100842150 -0.514047055094
 -1.07022682796 0.467136354108 0.512163477481 0.217122673891 0.00477911938936 -0.123724534393 -0.223237973637 -0.295125036283 -0.332011337743
 -1.10519754215 0.522525450717 0.166051469794 0.128603505227 0.0363880534691 -0.0319532321536 -0.0814508136319 -0.125426317597 -0.156429417758
 -1.43154130109 -0.617146152268 -0.0905840819834 0.472447374835 0.375406870075 0.169337317828 0.0676459949130 0.0175728619221 -0.0238339689094
 -1.85908637985 -1.03558948360 -0.344603836062 0.227834629964 0.314554550756 0.393778661764 0.301283922641 0.191020425548 0.104802038899
 -1.92903662824 -0.948520699999 -0.407576582656 0.245470940692 0.306066962065 0.297066772140 0.288531625078 0.236007504049 0.198265458540
 -1.41533927287 -0.689267855054 -0.814332312615 -0.338059032767 0.0878679279287 0.381031579835 0.467114828584 0.429220319832 0.345038074662
 -1.33089779985 -1.53985192968 -1.47580766577 -0.598857323455 0.0539518676435 0.551886067286 0.644054064010 0.516725159468 0.315279246643
# log_selcoffs_fsh[2]:
 -6.49800594478 -5.03625309817 -3.56738565387 -1.93793635649 -0.550494744229 0.349753489001 1.00122613544 1.13020179603 0.488463181408 -0.976372104959
 -6.41188551426 -4.95427221720 -3.45162737103 -2.02121314669 -0.844248223038 0.211465351358 0.987752749547 1.17228938753 0.505622146612 -0.529055255338
 -6.29427679006 -4.88369551982 -3.47426831379 -2.12164714975 -0.992258215444 0.0739074059816 0.942294489431 1.15299923220 0.594417963005 -0.166287629262
 -6.14413180047 -4.75028185666 -3.43205347751 -2.20076835110 -1.14354184630 -0.156232071983 0.794581538572 1.15231230240 0.745146933076 0.170879186649
 -5.99478404121 -4.53651906932 -3.21212715400 -2.15376937556 -1.28602217939 -0.389615922148 0.610370409234 1.09655783942 0.878095786362 0.491964677898
 -5.84968500411 -4.49024169163 -3.15130211909 -1.90853753551 -1.07671870251 -0.485019022692 0.290656196319 0.909789203915 1.00295277389 0.828982422298
 -5.71158825088 -4.44850192738 -3.22544741363 -2.07732104786 -1.07626159197 -0.323910637747 0.218438014399 0.690896824810 0.972576490548 1.05480829926
 -5.59941271487 -4.38328698132 -3.24694508479 -2.21389039777 -1.25293066350 -0.460125777070 0.209935405635 0.634601903754 0.941311396525 1.17420422959
 -5.52564826318 -4.29094433537 -3.13792211109 -2.18910946448 -1.39365603456 -0.621868445271 0.140717324619 0.693725995484 0.954506315590 1.19155105564
 -5.43460907554 -4.14891227283 -2.95238889084 -1.95932557352 -1.21098611812 -0.618006523476 -0.0573406274465 0.583787647220 0.980601436142 1.26599453158
 -5.35742231912 -3.96262846398 -2.62344431595 -1.53827815361 -0.871323570549 -0.430369549384 -0.0166982646024 0.406925553883 0.880655352304 1.31431276927
 -5.34054818482 -3.81094232019 -2.36998699835 -1.17381590806 -0.611097108491 -0.251043820727 0.00540050800303 0.370945112929 0.878814425613 1.21997627211
 -5.35265434966 -3.65095283085 -2.02166632216 -0.733766722749 -0.247132505166 0.0396804443064 0.165188080593 0.337634380834 0.715398886532 1.06781129618
 -5.37985877643 -3.48618512841 -1.67641657446 -0.479174057835 0.110487339382 0.241171834742 0.235255121582 0.328077871872 0.572335082496 0.851408524227
 -5.38203691885 -3.30647165540 -1.36181927172 -0.0907246132682 0.347920128436 0.313037974875 0.168583635086 0.223763403203 0.465853186038 0.681997757844
 -5.34961088279 -3.12483369280 -1.04733234235 0.0753215552042 0.333036563425 0.288351379592 0.174216216053 0.214786697745 0.417138189242 0.612617941527
 -5.33388417716 -3.06869640963 -0.928316377423 0.0781650234381 0.354799326238 0.329604731151 0.194023990741 0.193904755345 0.372888057171 0.574269558438
 -5.32674776596 -3.23652348127 -1.24985847803 0.0781249789832 0.488106038291 0.431429053979 0.218401617988 0.162318286721 0.311464007248 0.490792150703
 -5.29338533874 -3.35884421264 -1.52348915414 -0.160257572855 0.555068293914 0.516817590514 0.258129367083 0.169120179204 0.304231339917 0.493006499847
 -5.22917298558 -3.40561950514 -1.65942312098 -0.326386149491 0.346087453192 0.472176267861 0.300007845047 0.242884210835 0.413865060054 0.639340663396
 -5.19685329891 -3.49581026712 -1.88662462426 -0.558499292486 0.223365481077 0.482318150945 0.371215932148 0.281261423987 0.453517767224 0.704213227978
 -5.19904716299 -3.58321450857 -2.07306050909 -0.861490213519 0.0231196704829 0.507066715675 0.483206694164 0.367918915349 0.494245494519 0.707693854153
 -5.21809930752 -3.65318146737 -2.23513723243 -1.07420137390 -0.218010840169 0.488779958443 0.534839619010 0.453777292804 0.558520681366 0.720848348598
 -5.28762603630 -3.70570732145 -2.25417417758 -1.08904657064 -0.347560827857 0.243889524748 0.581567364892 0.553107469035 0.649903114319 0.743560298902
 -5.36355366968 -3.73621189729 -2.15876966571 -0.823517282497 -0.205804012360 0.0672773997119 0.361259021371 0.580870718750 0.700745153421 0.830973071075
 -5.47304790673 -3.78431595146 -2.24028602039 -0.920955970430 -0.169461632705 0.277125692277 0.376338016787 0.482709591081 0.657366254325 0.832020812395
 -5.68334016212 -3.94909505558 -2.24602171496 -0.837774280301 -0.0528390771457 0.425017709832 0.502927962397 0.472301503923 0.551015998630 0.677237666620
 -5.87738179598 -4.12578904935 -2.29201935904 -0.551377422784 0.146515303663 0.495804137039 0.479581111180 0.398020019802 0.524850391059 0.536342315361
 -6.04707746610 -4.31493415954 -2.55756535129 -0.860399807739 0.0877618470190 0.752283350622 0.607392213329 0.385495931388 0.478837247166 0.300131461137
 -6.19985522068 -4.42794767461 -2.70541638570 -1.03734628697 0.288683247646 0.875912012350 0.761893763926 0.390133321333 0.173691890622 0.0196710946270
 -6.29537190482 -4.42657745486 -2.56456382019 -0.875772692893 0.263871812287 0.853247482582 0.768717074921 0.398196907859 0.150393151754 0.0344625063522
 -6.34579995393 -4.36360864640 -2.38246659651 -0.681544470347 0.171702226355 0.506280355789 0.718361956989 0.565781009455 0.361377898060 0.257525159076
 -6.37878565882 -4.31206883744 -2.16368791891 -0.466749948963 0.0145382666372 0.126676326011 0.466262733425 0.697700555761 0.622382385796 0.486584574070
 -6.43224499297 -4.41002579466 -2.39783158941 -0.715644931299 0.0168992034874 0.362924951647 0.483569607087 0.611958610018 0.603057000149 0.505783262834
 -6.46510160802 -4.52214501625 -2.53382851670 -0.939351951004 -0.161965555957 0.283331068067 0.589668974175 0.640196485331 0.620345773908 0.576338884393
 -6.48186023092 -4.72684800645 -2.94977600669 -1.22771157279 -0.239173059888 0.284603000897 0.600541019734 0.711906606389 0.642447082134 0.568537655364
 -6.49170963588 -4.91475347508 -3.34774602544 -1.72452500201 -0.533035491150 0.190323415890 0.692282865499 0.803022163693 0.734987886304 0.509979796078
 -6.47952581394 -4.97784747321 -3.53496520534 -2.10937167620 -0.928489657698 -0.00220735229420 0.642775638391 0.936569031814 0.838420116269 0.520269907419
# log_selcoffs_fsh[3]:
 -0.916361448274 -0.100095828214 1.17411857497 0.427674953437 -0.683291874911 -1.42113943538 -1.71530319428
 -1.15660361633 -0.122618637141 1.19904062369 0.439765977524 -0.676502267627 -1.41529404109 -1.71300654827
 -0.590982400174 -0.165197144300 1.10940999499 0.453685790869 -0.612285208984 -1.34854659167 -1.66025538065
 -1.48455787095 -0.287556417709 1.23987186955 0.440369061790 -0.600576210743 -1.31034664927 -1.62643090505
 -1.88133675087 -0.206265904139 1.18047962157 0.494903900909 -0.471947333463 -1.20070090460 -1.54669199801
 -1.97059016117 -0.500883508887 0.973599176380 0.800670441627 -0.224670600999 -1.06251652569 -1.44487096493
 -1.68651762415 -0.428636334080 0.758548441623 0.932445757767 -0.133996479495 -1.00880990531 -1.39310176508
 -1.32358263076 0.564327058867 0.829128795732 0.337011391141 -0.370318425961 -1.05867182918 -1.40222584378
 -1.39140420315 0.637053798247 0.895280609791 0.221223625178 -0.483270498655 -1.12727284969 -1.49580054040
 -1.59078129086 0.313120201095 0.996570997623 0.478948844964 -0.482163991689 -1.22916952727 -1.63366242695
 -1.85233310958 -0.381718799361 0.900128567743 0.900903344588 -0.256728917893 -1.22959963116 -1.75614530724
 -1.81457980703 -0.341562866728 0.825084965258 0.935625886240 -0.177321771769 -1.22601704305 -1.80434281811
 -1.66031229133 -0.106476206254 1.01735343818 0.708797245509 -0.379363488106 -1.31811006048 -1.82278581324
 -1.42202078527 0.587075026753 0.995516550243 0.277621939813 -0.645319689868 -1.40545688817 -1.80669624294
 -1.47174197649 0.226339544158 1.17982567242 0.325798787313 -0.743854769833 -1.46586188829 -1.76391547444
 -1.47860524435 0.259742062788 1.25019634713 0.175667776130 -0.919910041416 -1.54463436913 -1.71238978949
 -1.27363471259 0.580123499855 1.11875719914 0.0772000886766 -0.978139129093 -1.51414051332 -1.62650720672
 -1.18759756802 0.633047537649 1.08712305507 0.00715255083439 -0.936789198691 -1.43992396236 -1.56079948630
 -0.697458089679 1.08179443087 0.644798763104 -0.211520196438 -0.961245825701 -1.40981899221 -1.55768973820
 -0.532878741339 1.20011175134 0.509405409488 -0.408238771566 -1.08780226825 -1.47822568834 -1.61706996296
 -0.321931381542 1.16405993840 0.571147117812 -0.473503047366 -1.21260254438 -1.59674154467 -1.71897299682
 -0.389529392493 1.14272284351 0.676305898254 -0.505432371700 -1.32149983017 -1.69856031012 -1.78495255867
 -0.211333339390 0.860443186955 0.979868069569 -0.536709228872 -1.43279326467 -1.76731775829 -1.78330431369
 -0.145683924518 1.07920159254 0.717106928751 -0.536734160309 -1.42475519098 -1.80852148393 -1.86031638885
 -0.336475718822 0.573824317225 1.09707894416 -0.0994255089615 -1.21146363044 -1.77610085994 -1.94592419976
 -0.0833668155806 0.705428347744 0.640834405921 0.293523417901 -0.738923880453 -1.58351529200 -2.01602355077
 -0.876049038377 0.764580037575 0.866645764498 0.160425347645 -0.638644712217 -1.46424342910 -2.09317878918
 -1.38289995284 0.277848565769 1.15493535786 0.361492436644 -0.700376624579 -1.55792628688 -2.18387476015
 -1.52348524128 0.0343965400303 1.25042904648 0.414882709455 -0.772618298340 -1.72877228997 -2.28557112877
 -1.45564662448 0.252478526560 0.828850334128 0.873658514218 -0.631818815837 -1.79253991043 -2.35351478768
 -1.40376083528 1.05696811934 0.747333060226 0.117513834738 -0.923192564565 -1.86971451715 -2.41664333289
 -1.64570160867 0.579362026718 1.21443063222 0.0738963668309 -1.03679791762 -1.95707407019 -2.50969196848
 -1.90484009831 -0.108074567877 1.39568317097 0.294894628455 -1.01307937407 -2.01802567488 -2.56577935429
 -1.82784369180 -0.0623219012335 1.08864781341 0.824876597669 -0.826658923710 -2.01193829167 -2.56957541071
 -1.65948997779 0.0789891345434 1.34689984289 0.282350181585 -1.05204474293 -2.04588224216 -2.55936421828
 -1.20315845001 1.09724862956 0.845595736028 -0.145493369492 -1.19094414306 -2.06216664026 -2.54121348674
 -1.09185781738 1.01569067251 0.958883277757 -0.209396490338 -1.27818631300 -2.07630347501 -2.53391421031
 -0.904452024595 1.04859633533 0.875451920370 -0.178001111575 -1.21252504747 -2.05454557122 -2.53709214117
 -1.19214050341 0.939450809709 0.938758748831 0.0278940824132 -1.07352175060 -2.01304576322 -2.55906576175
 -1.50746277959 0.198850959979 1.27174871512 0.322991585216 -0.923693518515 -1.98299934118 -2.58382704020
 -1.75106913039 -0.203379229026 1.17353804658 0.734187906447 -0.736648611698 -1.96187271119 -2.60462460636
# log_selcoffs_fsh[4]:
 -5.96088886221 -4.80495393460 -3.62408491780 -2.38450365781 -1.10020777593 0.0974897001793 0.951512848292 1.11897669939 0.578790175283
 -5.94848921439 -4.78549143168 -3.59179569830 -2.30113390148 -0.968141941843 0.191812021750 0.959362345054 1.05514092565 0.580931966061
 -5.91312652710 -4.74656521652 -3.55769615506 -2.30155321374 -0.991809235068 0.171728204371 0.943659865352 1.06159087472 0.610533119903
 -5.84715354175 -4.66888233539 -3.48866148026 -2.28090892662 -1.03261015968 0.103763364771 0.900896292625 1.07800626168 0.687611199623
 -5.77629635899 -4.57180536732 -3.37861571865 -2.20306281779 -1.00117561631 0.107835417734 0.865279046032 1.05275847989 0.751168968220
 -5.70316464934 -4.51251948531 -3.31012600533 -2.10919432155 -0.987509405816 0.0409445221233 0.818335208593 1.06751763065 0.805883879140
 -5.61269827917 -4.43579181646 -3.24330414184 -2.02690508452 -0.912039553330 0.0588350042319 0.789569382484 1.02838667672 0.855445926093
 -5.49828572950 -4.31312051146 -3.15957232987 -1.98898487748 -0.883647965439 0.0346019861818 0.743589904113 1.02588724739 0.900857606646
 -5.38115571260 -4.15268959049 -3.02758863883 -1.98549147190 -0.958102298887 -0.00665661743097 0.729708034471 1.01891594298 0.944792378635
 -5.26681668897 -4.04652978126 -2.87043851993 -1.79514477152 -0.874458255257 -0.0333808318767 0.644238130141 0.995153266476 1.01546521926
 -5.17620589226 -3.95662484125 -2.78577133791 -1.69852526070 -0.728448253299 0.0481414118021 0.616602584758 0.930009204003 1.03370255778
 -5.11375164292 -3.85560074056 -2.67815741086 -1.62514324647 -0.664670948575 0.137833769721 0.639467079753 0.890203853587 0.998397283520
 -5.06324023808 -3.71839247968 -2.47002071698 -1.45791531640 -0.633357639648 0.120602471301 0.669930625397 0.888809757773 0.958115815943
 -5.00440670304 -3.53688947095 -2.10410604004 -1.04983061645 -0.386871551383 0.127760234872 0.550470766921 0.833178306950 0.971570009980
 -4.92542090085 -3.37982095348 -1.85252746798 -0.712418330473 -0.140236792577 0.161520601269 0.435152990312 0.744479871199 0.961797572109
 -4.82621583516 -3.23420891355 -1.62513780565 -0.451730161751 -0.0604305503448 0.125722310166 0.368179972243 0.685185654844 0.961116109627
 -4.75448560490 -3.19365219654 -1.62572439017 -0.452790816587 -0.0477737287098 0.176134854278 0.392655293425 0.664168813324 0.935314253675
 -4.69697887642 -3.27052451137 -1.95490735520 -0.941874578328 -0.229540623727 0.351698146962 0.604564883677 0.695814456190 0.862569915143
 -4.60313598062 -3.29045565657 -2.09571966684 -1.16173444856 -0.430688123164 0.210187343123 0.614919054608 0.823412181921 0.918320688185
 -4.54287714911 -3.29487183773 -2.17504339835 -1.28068039867 -0.613128543298 0.0154468802783 0.617657783331 0.941131427091 0.950171907367
 -4.46293479837 -3.21763017417 -2.09250929775 -1.29076079030 -0.682577210026 -0.141348139290 0.461194065554 0.984195993088 1.06982072516
 -4.37165155377 -3.11243704930 -1.81485865991 -1.11834851388 -0.674346167409 -0.147946808614 0.362235736481 0.838388670240 1.20358939850
 -4.27517763957 -3.16168742456 -2.08592933810 -1.21862909048 -0.621610447013 -0.0643046049421 0.366974225497 0.795279800493 1.22103338537
 -4.13449282108 -3.07624449126 -2.10855652581 -1.27628155062 -0.624688710749 -0.0972987324486 0.323047860347 0.765968939170 1.27039198663
 -4.09119514653 -3.02619692473 -1.96894415277 -1.06865433369 -0.434097003236 0.126578973770 0.495670907324 0.781824227292 1.04445990752
 -3.89794654708 -2.77875744282 -1.58835272164 -0.835111789034 -0.450971317051 0.0204944897077 0.483795825876 0.807903646396 1.01391713269
 -3.60090070945 -2.57903796165 -1.53407418242 -0.783083028408 -0.357736579823 0.000405222271459 0.419370049385 0.806060195488 1.01684861656
 -3.15282407614 -2.24044374638 -1.37731550659 -0.717043391469 -0.333027107521 -0.0416705613130 0.236545236609 0.689547032397 1.15524306090
 -2.56053663566 -1.76592245831 -1.18824009353 -0.751098240037 -0.493639462134 -0.276323454870 0.110317768657 0.652129837784 1.27253100699
 -2.53207758864 -1.87178356743 -1.11489712917 -0.657606740921 -0.511583451186 -0.382844014767 -0.00923865840123 0.656228012871 1.31394997260
 -2.03151136708 -1.47820996109 -1.31560602817 -1.05061702936 -0.755009596695 -0.503335359299 -0.0383705386811 0.658633976604 1.39964466413
 -1.60091184847 -0.897122167074 -1.12450392076 -1.28151243475 -1.02460713655 -0.638136734969 -0.0946052339348 0.663373691559 1.39867724807
# log_sel_spl_fsh[1]:
 0.00000000000 0.00000000000 0.00000000000 0.00000000000
 0.00000000000 0.00000000000 0.00000000000 0.00000000000
 0.00000000000 0.00000000000 0.00000000000 0.00000000000
 0.00000000000 0.00000000000 0.00000000000 0.00000000000
 0.00000000000 0.00000000000 0.00000000000 0.00000000000
 0.00000000000 0.00000000000 0.00000000000 0.00000000000
 0.00000000000 0.00000000000 0.00000000000 0.00000000000
 0.00000000000 0.00000000000 0.00000000000 0.00000000000
 0.00000000000 0.00000000000 0.00000000000 0.00000000000
 0.00000000000 0.00000000000 0.00000000000 0.00000000000
 0.00000000000 0.00000000000 0.00000000000 0.00000000000
 0.00000000000 0.00000000000 0.00000000000 0.00000000000
 0.00000000000 0.00000000000 0.00000000000 0.00000000000
 0.00000000000 0.00000000000 0.00000000000 0.00000000000
 0.00000000000 0.00000000000 0.00000000000 0.00000000000
 0.00000000000 0.00000000000 0.00000000000 0.00000000000
 0.00000000000 0.00000000000 0.00000000000 0.00000000000
 0.00000000000 0.00000000000 0.00000000000 0.00000000000
 0.00000000000 0.00000000000 0.00000000000 0.00000000000
 0.00000000000 0.00000000000 0.00000000000 0.00000000000
 0.00000000000 0.00000000000 0.00000000000 0.00000000000
 0.00000000000 0.00000000000 0.00000000000 0.00000000000
 0.00000000000 0.00000000000 0.00000000000 0.00000000000
 0.00000000000 0.00000000000 0.00000000000 0.00000000000
 0.00000000000 0.00000000000 0.00000000000 0.00000000000
 0.00000000000 0.00000000000 0.00000000000 0.00000000000
 0.00000000000 0.00000000000 0.00000000000 0.00000000000
 0.00000000000 0.00000000000 0.00000000000 0.00000000000
 0.00000000000 0.00000000000 0.00000000000 0.00000000000
 0.00000000000 0.00000000000 0.00000000000 0.00000000000
 0.00000000000 0.00000000000 0.00000000000 0.00000000000
 0.00000000000 0.00000000000 0.00000000000 0.00000000000
 0.00000000000 0.00000000000 0.00000000000 0.00000000000
 0.00000000000 0.00000000000 0.00000000000 0.00000000000
 0.00000000000 0.00000000000 0.00000000000 0.00000000000
 0.00000000000 0.00000000000 0.00000000000 0.00000000000
 0.00000000000 0.00000000000 0.00000000000 0.00000000000
# log_sel_spl_fsh[2]:
 0.00000000000 0.00000000000 0.00000000000 0.00000000000
 0.00000000000 0.00000000000 0.00000000000 0.00000000000
 0.00000000000 0.00000000000 0.00000000000 0.00000000000
 0.00000000000 0.00000000000 0.00000000000 0.00000000000
 0.00000000000 0.00000000000 0.00000000000 0.00000000000
 0.00000000000 0.00000000000 0.00000000000 0.00000000000
 0.00000000000 0.00000000000 0.00000000000 0.00000000000
 0.00000000000 0.00000000000 0.00000000000 0.00000000000
 0.00000000000 0.00000000000 0.00000000000 0.00000000000
 0.00000000000 0.00000000000 0.00000000000 0.00000000000
 0.00000000000 0.00000000000 0.00000000000 0.00000000000
 0.00000000000 0.00000000000 0.00000000000 0.00000000000
 0.00000000000 0.00000000000 0.00000000000 0.00000000000
 0.00000000000 0.00000000000 0.00000000000 0.00000000000
 0.00000000000 0.00000000000 0.00000000000 0.00000000000
 0.00000000000 0.00000000000 0.00000000000 0.00000000000
 0.00000000000 0.00000000000 0.00000000000 0.00000000000
 0.00000000000 0.00000000000 0.00000000000 0.00000000000
 0.00000000000 0.00000000000 0.00000000000 0.00000000000
 0.00000000000 0.00000000000 0.00000000000 0.00000000000
 0.00000000000 0.00000000000 0.00000000000 0.00000000000
 0.00000000000 0.00000000000 0.00000000000 0.00000000000
 0.00000000000 0.00000000000 0.00000000000 0.00000000000
 0.00000000000 0.00000000000 0.00000000000 0.00000000000
 0.00000000000 0.00000000000 0.00000000000 0.00000000000
 0.00000000000 0.00000000000 0.00000000000 0.00000000000
 0.00000000000 0.00000000000 0.00000000000 0.00000000000
 0.00000000000 0.00000000000 0.00000000000 0.00000000000
 0.00000000000 0.00000000000 0.00000000000 0.00000000000
 0.00000000000 0.00000000000 0.00000000000 0.00000000000
 0.00000000000 0.00000000000 0.00000000000 0.00000000000
 0.00000000000 0.00000000000 0.00000000000 0.00000000000
 0.00000000000 0.00000000000 0.00000000000 0.00000000000
 0.00000000000 0.00000000000 0.00000000000 0.00000000000
 0.00000000000 0.00000000000 0.00000000000 0.00000000000
 0.00000000000 0.00000000000 0.00000000000 0.00000000000
 0.00000000000 0.00000000000 0.00000000000 0.00000000000
 0.00000000000 0.00000000000 0.00000000000 0.00000000000
# log_sel_spl_fsh[3]:
 0.00000000000 0.00000000000 0.00000000000 0.00000000000
 0.00000000000 0.00000000000 0.00000000000 0.00000000000
 0.00000000000 0.00000000000 0.00000000000 0.00000000000
 0.00000000000 0.00000000000 0.00000000000 0.00000000000
 0.00000000000 0.00000000000 0.00000000000 0.00000000000
 0.00000000000 0.00000000000 0.00000000000 0.00000000000
 0.00000000000 0.00000000000 0.00000000000 0.00000000000
 0.00000000000 0.00000000000 0.00000000000 0.00000000000
 0.00000000000 0.00000000000 0.00000000000 0.00000000000
 0.00000000000 0.00000000000 0.00000000000 0.00000000000
 0.00000000000 0.00000000000 0.00000000000 0.00000000000
 0.00000000000 0.00000000000 0.00000000000 0.00000000000
 0.00000000000 0.00000000000 0.00000000000 0.00000000000
 0.00000000000 0.00000000000 0.00000000000 0.00000000000
 0.00000000000 0.00000000000 0.00000000000 0.00000000000
 0.00000000000 0.00000000000 0.00000000000 0.00000000000
 0.00000000000 0.00000000000 0.00000000000 0.00000000000
 0.00000000000 0.00000000000 0.00000000000 0.00000000000
 0.00000000000 0.00000000000 0.00000000000 0.00000000000
 0.00000000000 0.00000000000 0.00000000000 0.00000000000
 0.00000000000 0.00000000000 0.00000000000 0.00000000000
 0.00000000000 0.00000000000 0.00000000000 0.00000000000
 0.00000000000 0.00000000000 0.00000000000 0.00000000000
 0.00000000000 0.00000000000 0.00000000000 0.00000000000
 0.00000000000 0.00000000000 0.00000000000 0.00000000000
 0.00000000000 0.00000000000 0.00000000000 0.00000000000
 0.00000000000 0.00000000000 0.00000000000 0.00000000000
 0.00000000000 0.00000000000 0.00000000000 0.00000000000
 0.00000000000 0.00000000000 0.00000000000 0.00000000000
 0.00000000000 0.00000000000 0.00000000000 0.00000000000
 0.00000000000 0.00000000000 0.00000000000 0.00000000000
 0.00000000000 0.00000000000 0.00000000000 0.00000000000
 0.00000000000 0.00000000000 0.00000000000 0.00000000000
 0.00000000000 0.00000000000 0.00000000000 0.00000000000
 0.00000000000 0.00000000000 0.00000000000 0.00000000000
 0.00000000000 0.00000000000 0.00000000000 0.00000000000
 0.00000000000 0.00000000000 0.00000000000 0.00000000000
 0.00000000000 0.00000000000 0.00000000000 0.00000000000
 0.00000000000 0.00000000000 0.00000000000 0.00000000000
 0.00000000000 0.00000000000 0.00000000000 0.00000000000
 0.00000000000 0.00000000000 0.00000000000 0.00000000000
# log_sel_spl_fsh[4]:
 0.00000000000 0.00000000000 0.00000000000 0.00000000000
 0.00000000000 0.00000000000 0.00000000000 0.00000000000
 0.00000000000 0.00000000000 0.00000000000 0.00000000000
 0.00000000000 0.00000000000 0.00000000000 0.00000000000
 0.00000000000 0.00000000000 0.00000000000 0.00000000000
 0.00000000000 0.00000000000 0.00000000000 0.00000000000
 0.00000000000 0.00000000000 0.00000000000 0.00000000000
 0.00000000000 0.00000000000 0.00000000000 0.00000000000
 0.00000000000 0.00000000000 0.00000000000 0.00000000000
 0.00000000000 0.00000000000 0.00000000000 0.00000000000
 0.00000000000 0.00000000000 0.00000000000 0.00000000000
 0.00000000000 0.00000000000 0.00000000000 0.00000000000
 0.00000000000 0.00000000000 0.00000000000 0.00000000000
 0.00000000000 0.00000000000 0.00000000000 0.00000000000
 0.00000000000 0.00000000000 0.00000000000 0.00000000000
 0.00000000000 0.00000000000 0.00000000000 0.00000000000
 0.00000000000 0.00000000000 0.00000000000 0.00000000000
 0.00000000000 0.00000000000 0.00000000000 0.00000000000
 0.00000000000 0.00000000000 0.00000000000 0.00000000000
 0.00000000000 0.00000000000 0.00000000000 0.00000000000
 0.00000000000 0.00000000000 0.00000000000 0.00000000000
 0.00000000000 0.00000000000 0.00000000000 0.00000000000
 0.00000000000 0.00000000000 0.00000000000 0.00000000000
 0.00000000000 0.00000000000 0.00000000000 0.00000000000
 0.00000000000 0.00000000000 0.00000000000 0.00000000000
 0.00000000000 0.00000000000 0.00000000000 0.00000000000
 0.00000000000 0.00000000000 0.00000000000 0.00000000000
 0.00000000000 0.00000000000 0.00000000000 0.00000000000
 0.00000000000 0.00000000000 0.00000000000 0.00000000000
 0.00000000000 0.00000000000 0.00000000000 0.00000000000
 0.00000000000 0.00000000000 0.00000000000 0.00000000000
 0.00000000000 0.00000000000 0.00000000000 0.00000000000
# logsel_slope_fsh[1]:
 0.00000000000 0.00000000000 0.00000000000 0.00000000000 0.00000000000 0.00000000000 0.00000000000 0.00000000000 0.00000000000 0.00000000000 0.00000000000 0.00000000000 0.00000000000 0.00000000000 0.00000000000 0.00000000000 0.00000000000 0.00000000000 0.00000000000 0.00000000000 0.00000000000 0.00000000000 0.00000000000 0.00000000000 0.00000000000 0.00000000000 0.00000000000 0.00000000000 0.00000000000 0.00000000000 0.00000000000 0.00000000000 0.00000000000 0.00000000000 0.00000000000 0.00000000000 0.00000000000
# logsel_slope_fsh[2]:
 0.00000000000 0.00000000000 0.00000000000 0.00000000000 0.00000000000 0.00000000000 0.00000000000 0.00000000000 0.00000000000 0.00000000000 0.00000000000 0.00000000000 0.00000000000 0.00000000000 0.00000000000 0.00000000000 0.00000000000 0.00000000000 0.00000000000 0.00000000000 0.00000000000 0.00000000000 0.00000000000 0.00000000000 0.00000000000 0.00000000000 0.00000000000 0.00000000000 0.00000000000 0.00000000000 0.00000000000 0.00000000000 0.00000000000 0.00000000000 0.00000000000 0.00000000000 0.00000000000 0.00000000000
# logsel_slope_fsh[3]:
 0.00000000000 0.00000000000 0.00000000000 0.00000000000 0.00000000000 0.00000000000 0.00000000000 0.00000000000 0.00000000000 0.00000000000 0.00000000000 0.00000000000 0.00000000000 0.00000000000 0.00000000000 0.00000000000 0.00000000000 0.00000000000 0.00000000000 0.00000000000 0.00000000000 0.00000000000 0.00000000000 0.00000000000 0.00000000000 0.00000000000 0.00000000000 0.00000000000 0.00000000000 0.00000000000 0.00000000000 0.00000000000 0.00000000000 0.00000000000 0.00000000000 0.00000000000 0.00000000000 0.00000000000 0.00000000000 0.00000000000 0.00000000000
# logsel_slope_fsh[4]:
 0.00000000000 0.00000000000 0.00000000000 0.00000000000 0.00000000000 0.00000000000 0.00000000000 0.00000000000 0.00000000000 0.00000000000 0.00000000000 0.00000000000 0.00000000000 0.00000000000 0.00000000000 0.00000000000 0.00000000000 0.00000000000 0.00000000000 0.00000000000 0.00000000000 0.00000000000 0.00000000000 0.00000000000 0.00000000000 0.00000000000 0.00000000000 0.00000000000 0.00000000000 0.00000000000 0.00000000000 0.00000000000
# sel50_fsh[1]:
 0.00000000000 0.00000000000 0.00000000000 0.00000000000 0.00000000000 0.00000000000 0.00000000000 0.00000000000 0.00000000000 0.00000000000 0.00000000000 0.00000000000 0.00000000000 0.00000000000 0.00000000000 0.00000000000 0.00000000000 0.00000000000 0.00000000000 0.00000000000 0.00000000000 0.00000000000 0.00000000000 0.00000000000 0.00000000000 0.00000000000 0.00000000000 0.00000000000 0.00000000000 0.00000000000 0.00000000000 0.00000000000 0.00000000000 0.00000000000 0.00000000000 0.00000000000 0.00000000000
# sel50_fsh[2]:
 0.00000000000 0.00000000000 0.00000000000 0.00000000000 0.00000000000 0.00000000000 0.00000000000 0.00000000000 0.00000000000 0.00000000000 0.00000000000 0.00000000000 0.00000000000 0.00000000000 0.00000000000 0.00000000000 0.00000000000 0.00000000000 0.00000000000 0.00000000000 0.00000000000 0.00000000000 0.00000000000 0.00000000000 0.00000000000 0.00000000000 0.00000000000 0.00000000000 0.00000000000 0.00000000000 0.00000000000 0.00000000000 0.00000000000 0.00000000000 0.00000000000 0.00000000000 0.00000000000 0.00000000000
# sel50_fsh[3]:
 0.00000000000 0.00000000000 0.00000000000 0.00000000000 0.00000000000 0.00000000000 0.00000000000 0.00000000000 0.00000000000 0.00000000000 0.00000000000 0.00000000000 0.00000000000 0.00000000000 0.00000000000 0.00000000000 0.00000000000 0.00000000000 0.00000000000 0.00000000000 0.00000000000 0.00000000000 0.00000000000 0.00000000000 0.00000000000 0.00000000000 0.00000000000 0.00000000000 0.00000000000 0.00000000000 0.00000000000 0.00000000000 0.00000000000 0.00000000000 0.00000000000 0.00000000000 0.00000000000 0.00000000000 0.00000000000 0.00000000000 0.00000000000
# sel50_fsh[4]:
 0.00000000000 0.00000000000 0.00000000000 0.00000000000 0.00000000000 0.00000000000 0.00000000000 0.00000000000 0.00000000000 0.00000000000 0.00000000000 0.00000000000 0.00000000000 0.00000000000 0.00000000000 0.00000000000 0.00000000000 0.00000000000 0.00000000000 0.00000000000 0.00000000000 0.00000000000 0.00000000000 0.00000000000 0.00000000000 0.00000000000 0.00000000000 0.00000000000 0.00000000000 0.00000000000 0.00000000000 0.00000000000
# logsel_p1_fsh[1]:
 0.00000000000 0.00000000000 0.00000000000 0.00000000000 0.00000000000 0.00000000000 0.00000000000 0.00000000000 0.00000000000 0.00000000000 0.00000000000 0.00000000000 0.00000000000 0.00000000000 0.00000000000 0.00000000000 0.00000000000 0.00000000000 0.00000000000 0.00000000000 0.00000000000 0.00000000000 0.00000000000 0.00000000000 0.00000000000 0.00000000000 0.00000000000 0.00000000000 0.00000000000 0.00000000000 0.00000000000 0.00000000000 0.00000000000 0.00000000000 0.00000000000 0.00000000000 0.00000000000
# logsel_p1_fsh[2]:
 0.00000000000 0.00000000000 0.00000000000 0.00000000000 0.00000000000 0.00000000000 0.00000000000 0.00000000000 0.00000000000 0.00000000000 0.00000000000 0.00000000000 0.00000000000 0.00000000000 0.00000000000 0.00000000000 0.00000000000 0.00000000000 0.00000000000 0.00000000000 0.00000000000 0.00000000000 0.00000000000 0.00000000000 0.00000000000 0.00000000000 0.00000000000 0.00000000000 0.00000000000 0.00000000000 0.00000000000 0.00000000000 0.00000000000 0.00000000000 0.00000000000 0.00000000000 0.00000000000 0.00000000000
# logsel_p1_fsh[3]:
 0.00000000000 0.00000000000 0.00000000000 0.00000000000 0.00000000000 0.00000000000 0.00000000000 0.00000000000 0.00000000000 0.00000000000 0.00000000000 0.00000000000 0.00000000000 0.00000000000 0.00000000000 0.00000000000 0.00000000000 0.00000000000 0.00000000000 0.00000000000 0.00000000000 0.00000000000 0.00000000000 0.00000000000 0.00000000000 0.00000000000 0.00000000000 0.00000000000 0.00000000000 0.00000000000 0.00000000000 0.00000000000 0.00000000000 0.00000000000 0.00000000000 0.00000000000 0.00000000000 0.00000000000 0.00000000000 0.00000000000 0.00000000000
# logsel_p1_fsh[4]:
 0.00000000000 0.00000000000 0.00000000000 0.00000000000 0.00000000000 0.00000000000 0.00000000000 0.00000000000 0.00000000000 0.00000000000 0.00000000000 0.00000000000 0.00000000000 0.00000000000 0.00000000000 0.00000000000 0.00000000000 0.00000000000 0.00000000000 0.00000000000 0.00000000000 0.00000000000 0.00000000000 0.00000000000 0.00000000000 0.00000000000 0.00000000000 0.00000000000 0.00000000000 0.00000000000 0.00000000000 0.00000000000
# sel_p2_fsh[1]:
 0.00000000000 0.00000000000 0.00000000000 0.00000000000 0.00000000000 0.00000000000 0.00000000000 0.00000000000 0.00000000000 0.00000000000 0.00000000000 0.00000000000 0.00000000000 0.00000000000 0.00000000000 0.00000000000 0.00000000000 0.00000000000 0.00000000000 0.00000000000 0.00000000000 0.00000000000 0.00000000000 0.00000000000 0.00000000000 0.00000000000 0.00000000000 0.00000000000 0.00000000000 0.00000000000 0.00000000000 0.00000000000 0.00000000000 0.00000000000 0.00000000000 0.00000000000 0.00000000000
# sel_p2_fsh[2]:
 0.00000000000 0.00000000000 0.00000000000 0.00000000000 0.00000000000 0.00000000000 0.00000000000 0.00000000000 0.00000000000 0.00000000000 0.00000000000 0.00000000000 0.00000000000 0.00000000000 0.00000000000 0.00000000000 0.00000000000 0.00000000000 0.00000000000 0.00000000000 0.00000000000 0.00000000000 0.00000000000 0.00000000000 0.00000000000 0.00000000000 0.00000000000 0.00000000000 0.00000000000 0.00000000000 0.00000000000 0.00000000000 0.00000000000 0.00000000000 0.00000000000 0.00000000000 0.00000000000 0.00000000000
# sel_p2_fsh[3]:
 0.00000000000 0.00000000000 0.00000000000 0.00000000000 0.00000000000 0.00000000000 0.00000000000 0.00000000000 0.00000000000 0.00000000000 0.00000000000 0.00000000000 0.00000000000 0.00000000000 0.00000000000 0.00000000000 0.00000000000 0.00000000000 0.00000000000 0.00000000000 0.00000000000 0.00000000000 0.00000000000 0.00000000000 0.00000000000 0.00000000000 0.00000000000 0.00000000000 0.00000000000 0.00000000000 0.00000000000 0.00000000000 0.00000000000 0.00000000000 0.00000000000 0.00000000000 0.00000000000 0.00000000000 0.00000000000 0.00000000000 0.00000000000
# sel_p2_fsh[4]:
 0.00000000000 0.00000000000 0.00000000000 0.00000000000 0.00000000000 0.00000000000 0.00000000000 0.00000000000 0.00000000000 0.00000000000 0.00000000000 0.00000000000 0.00000000000 0.00000000000 0.00000000000 0.00000000000 0.00000000000 0.00000000000 0.00000000000 0.00000000000 0.00000000000 0.00000000000 0.00000000000 0.00000000000 0.00000000000 0.00000000000 0.00000000000 0.00000000000 0.00000000000 0.00000000000 0.00000000000 0.00000000000
# logsel_p3_fsh[1]:
 0.00000000000 0.00000000000 0.00000000000 0.00000000000 0.00000000000 0.00000000000 0.00000000000 0.00000000000 0.00000000000 0.00000000000 0.00000000000 0.00000000000 0.00000000000 0.00000000000 0.00000000000 0.00000000000 0.00000000000 0.00000000000 0.00000000000 0.00000000000 0.00000000000 0.00000000000 0.00000000000 0.00000000000 0.00000000000 0.00000000000 0.00000000000 0.00000000000 0.00000000000 0.00000000000 0.00000000000 0.00000000000 0.00000000000 0.00000000000 0.00000000000 0.00000000000 0.00000000000
# logsel_p3_fsh[2]:
 0.00000000000 0.00000000000 0.00000000000 0.00000000000 0.00000000000 0.00000000000 0.00000000000 0.00000000000 0.00000000000 0.00000000000 0.00000000000 0.00000000000 0.00000000000 0.00000000000 0.00000000000 0.00000000000 0.00000000000 0.00000000000 0.00000000000 0.00000000000 0.00000000000 0.00000000000 0.00000000000 0.00000000000 0.00000000000 0.00000000000 0.00000000000 0.00000000000 0.00000000000 0.00000000000 0.00000000000 0.00000000000 0.00000000000 0.00000000000 0.00000000000 0.00000000000 0.00000000000 0.00000000000
# logsel_p3_fsh[3]:
 0.00000000000 0.00000000000 0.00000000000 0.00000000000 0.00000000000 0.00000000000 0.00000000000 0.00000000000 0.00000000000 0.00000000000 0.00000000000 0.00000000000 0.00000000000 0.00000000000 0.00000000000 0.00000000000 0.00000000000 0.00000000000 0.00000000000 0.00000000000 0.00000000000 0.00000000000 0.00000000000 0.00000000000 0.00000000000 0.00000000000 0.00000000000 0.00000000000 0.00000000000 0.00000000000 0.00000000000 0.00000000000 0.00000000000 0.00000000000 0.00000000000 0.00000000000 0.00000000000 0.00000000000 0.00000000000 0.00000000000 0.00000000000
# logsel_p3_fsh[4]:
 0.00000000000 0.00000000000 0.00000000000 0.00000000000 0.00000000000 0.00000000000 0.00000000000 0.00000000000 0.00000000000 0.00000000000 0.00000000000 0.00000000000 0.00000000000 0.00000000000 0.00000000000 0.00000000000 0.00000000000 0.00000000000 0.00000000000 0.00000000000 0.00000000000 0.00000000000 0.00000000000 0.00000000000 0.00000000000 0.00000000000 0.00000000000 0.00000000000 0.00000000000 0.00000000000 0.00000000000 0.00000000000
# rec_dev_future:
 0.00000000000 0.00000000000 0.00000000000 0.00000000000 0.00000000000 0.00000000000 0.00000000000 0.00000000000 0.00000000000 0.00000000000 0.00000000000 0.00000000000 0.00000000000 0.00000000000 0.00000000000 0.00000000000 0.00000000000 0.00000000000 0.00000000000 0.00000000000
# log_q_ind[1]:
-0.100578708394
# log_q_ind[2]:
-3.03243414171
# log_q_ind[3]:
-9.57349805808
# log_q_ind[4]:
-0.752644024615
# log_q_ind[5]:
-6.20141756048
# log_q_ind[6]:
-8.44631831264
# log_q_ind[7]:
-1.11211973516
# log_q_power_ind[1]:
0.00000000000
# log_q_power_ind[2]:
0.00000000000
# log_q_power_ind[3]:
0.00000000000
# log_q_power_ind[4]:
0.00000000000
# log_q_power_ind[5]:
0.00000000000
# log_q_power_ind[6]:
0.00000000000
# log_q_power_ind[7]:
0.00000000000
# log_rw_q_ind[1]:
 -1.20795020096
# log_rw_q_ind[3]:
 -0.390850491742
# log_selcoffs_ind[1]:
 -3.23378083830 -2.07991988627 -0.976715668284 -0.126301235898 0.322098314875 0.473984017811 0.435509006411 0.344730726648 0.283695686058 0.266943535460
 -3.16970301786 -2.26356620961 -1.38980561405 -0.591884141742 0.0572829521585 0.466435621358 0.585706278428 0.522224542354 0.411102406916 0.342048102955
# log_selcoffs_ind[2]:
 -0.716183978042 -0.200564256138 0.114954086480 0.207832296972 0.0941801120398 -0.00812495742177 -0.0183357197167 0.0435144427992 0.101570397246 0.110117867474
 -0.182767171479 -0.0153959826444 0.0608970762436 0.136404545575 0.146147880143 0.0896168368292 0.00230573955996 -0.0708988602964 -0.107894844183 -0.115778968681
 0.129075619757 0.0532735090969 0.0760244043601 0.172343221561 0.192474466071 0.0920801442865 -0.0703447473484 -0.212886022512 -0.288641573401 -0.298228401046
# log_selcoffs_ind[3]:
 -0.202940821038 0.0202027052767 0.0202027052767 0.0202027052767 0.0202027052767 0.0202027052767 0.0202027052767 0.0202027052767 0.0202027052767 0.0202027052767
# log_selcoffs_ind[4]:
 -2.62746277445 -1.62229682614 -0.755359784132 -0.207019292514 0.0237771160059 0.165281524719 0.291604487923 0.410380557495 0.502162413539 0.556987180240
 -3.24869604240 -2.36644735822 -1.50357586979 -0.762121304918 -0.204661220790 0.194242769784 0.456776541210 0.610695455016 0.635038564610 0.610447915032
# log_selcoffs_ind[5]:
 -3.04452005677 -0.669616569639 0.101782682789 0.174353368097 0.174353368097 0.174353368097 0.174353368097 0.174353368097 0.174353368097 0.174353368097
# log_selcoffs_ind[6]:
 -3.04452005677 -0.669616569639 0.101782682789 0.174353368097 0.174353368097 0.174353368097 0.174353368097 0.174353368097 0.174353368097 0.174353368097
# log_selcoffs_ind[7]:
 -3.04452005677 -0.669616569639 0.101782682789 0.174353368097 0.174353368097 0.174353368097 0.174353368097 0.174353368097 0.174353368097 0.174353368097
# logsel_slope_ind[1]:
 0.00000000000 0.00000000000
# logsel_slope_ind[2]:
 0.00000000000 0.00000000000 0.00000000000
# logsel_slope_ind[3]:
 0.00000000000
# logsel_slope_ind[4]:
 0.00000000000 0.00000000000
# logsel_slope_ind[5]:
 0.00000000000
# logsel_slope_ind[6]:
 0.00000000000
# logsel_slope_ind[7]:
 0.00000000000
# sel50_ind[1]:
 0.00000000000 0.00000000000
# sel50_ind[2]:
 0.00000000000 0.00000000000 0.00000000000
# sel50_ind[3]:
 0.00000000000
# sel50_ind[4]:
 0.00000000000 0.00000000000
# sel50_ind[5]:
 0.00000000000
# sel50_ind[6]:
 0.00000000000
# sel50_ind[7]:
 0.00000000000
# logsel_p1_ind[1]:
 0.00000000000 0.00000000000
# logsel_p1_ind[2]:
 0.00000000000 0.00000000000 0.00000000000
# logsel_p1_ind[3]:
 0.00000000000
# logsel_p1_ind[4]:
 0.00000000000 0.00000000000
# logsel_p1_ind[5]:
 0.00000000000
# logsel_p1_ind[6]:
 0.00000000000
# logsel_p1_ind[7]:
 0.00000000000
# sel_p2_ind[1]:
 0.00000000000 0.00000000000
# sel_p2_ind[2]:
 0.00000000000 0.00000000000 0.00000000000
# sel_p2_ind[3]:
 0.00000000000
# sel_p2_ind[4]:
 0.00000000000 0.00000000000
# sel_p2_ind[5]:
 0.00000000000
# sel_p2_ind[6]:
 0.00000000000
# sel_p2_ind[7]:
 0.00000000000
# logsel_p3_ind[1]:
 0.00000000000 0.00000000000
# logsel_p3_ind[2]:
 0.00000000000 0.00000000000 0.00000000000
# logsel_p3_ind[3]:
 0.00000000000
# logsel_p3_ind[4]:
 0.00000000000 0.00000000000
# logsel_p3_ind[5]:
 0.00000000000
# logsel_p3_ind[6]:
 0.00000000000
# logsel_p3_ind[7]:
 0.00000000000
