# Number of parameters = 1575 Objective function value = 1351.23448566284  Maximum gradient component = 0.323893211714588
# Mest[1]:
0.230000000000
# log_Linf[1]:
4.30945594184
# log_k[1]:
-1.83258146375
# log_Lo[1]:
2.89037175790
# log_sdage[1]:
-2.40794560865
# mean_log_rec[1]:
9.61155931833
# steepness[1]:
0.650000000000
# log_Rzero[1]:
9.22059798409
# rec_dev:
 -0.446050420019 -0.519756063740 -0.599838899362 -0.687123460110 -0.779255454330 -0.872384781254 -0.841767308398 -0.847865359106 -0.697639330279 -0.640500576392 -0.557143698424 -0.391117186362 -0.425533001544 -0.377060613793 -0.330149448896 -0.128924268648 0.210441438723 0.382091319537 0.348311412634 0.386527249082 0.389516515297 0.431121615922 0.628214867566 0.779432612868 0.583361133080 1.06799238095 1.25695572530 0.661454416934 0.597474926372 0.773134041723 0.632016229529 0.715426126785 0.348187138266 0.378055254921 0.0288598244522 -0.0370460454923 0.230380968719 0.331968190162 0.632141444149 0.582116663586 0.750106544012 0.780417180109 0.365061612164 -0.0159338171728 -0.582956542176 -0.555756886339 -0.811553061553 -0.782666466016 -1.15927493386 -1.25428143777 -0.643963584057 -0.353742599049 -0.978676614250 -0.469147755392 -0.752866637904 -0.518317136648 -0.689785827980 -0.136951328062 0.911011405254 0.539598913750
# log_sigmar[1]:
-0.510825623766
# fmort:
 0.0106014117203 0.0155826987249 0.00707283176541 0.00896421454205 0.0173427309685 0.0214463827311 0.0261123760051 0.0226735848263 0.0446712220878 0.0374137329177 0.0256561231322 0.0377874301693 0.0728604866621 0.0281645889865 0.0656045411558 0.0441657273935 0.00435617202131 0.0206567656538 0.0174886025819 0.0157836183116 0.0142635147238 0.0172924139794 0.0175807569220 0.0205563501763 0.0141315651543 0.0194612141224 0.0354214889879 0.0145442267521 0.00421641182631 0.00665501413597 0.0100987558102 0.0200645367800 0.00854723877407 0.0119279338920 0.0130472934553 0.0206650434556 0.0254995892563 0.0353171627684 0.0487753387760 0.0501124942195 0.0707577827107 0.0111141094910 0.00416306067365 0.00505630620125 0.00550627158227 0.00651958180395 0.00506993986454 0.00736007233061 0.00206335443093
 0.00133922807299 0.00205407532858 0.00313744998547 0.00520510205511 0.00375112058768 0.00679730928921 0.00882851295524 0.0129731096443 0.0210948047143 0.0262483312080 0.0239944560423 0.0481771703458 0.0667820097037 0.0542375440529 0.0722411203615 0.101702630842 0.113743240300 0.152733117745 0.210565482316 0.221394713960 0.225539949431 0.292574108334 0.396153222889 0.379466254176 0.480383300882 0.593024996906 0.543480592442 0.572534189705 0.356776106641 0.241864550799 0.184863243838 0.215043905525 0.209904688854 0.192520784342 0.188288017640 0.188901344325 0.202049431739 0.248771777708 0.216705348064 0.288458787865 0.164008171702 0.116601956492 0.106828509255 0.0804470340844 0.0705238074684 0.0714567930213 0.0753001687604 0.0689659857706 0.0753672267713
 0.000203337189266 0.000378351167473 0.000838147437076 0.00179320796390 0.00539940670436 0.00156984991895 0.00186525955954 0.0161569513671 0.0106181415380 0.00856603236820 0.0104914336880 0.0105240433067 0.00339717916657 0.00251892391543 0.00344625771463 0.00188676045977 0.000733536366601 0.000672180540812 0.00377253367925 0.00489895089126 0.00583685315343 0.00349422392546 0.00189302619288 0.00285062062634 0.00535462549488 0.0183074375381 0.0207248096264 0.0286559467881 0.0163277454639 0.00651364749396 0.00817383667084 0.0220322739109 0.00399652855950 0.00723546442948 0.00703323711371 0.00376449839309 0.0159036766569 0.0185826336577 0.0143955758779 0.00792455981833 0.00258278085402 0.0261822503494 0.0111033904779 0.00481236061717 0.00426772798005 0.00156344634060 0.00100181107907 0.000502157302595 0.00169167599320
 1.92068583260e-13 2.06779038336e-13 0.000521137178933 2.17603712827e-13 2.20934381900e-13 2.25652829755e-13 3.29437678970e-06 0.000224354832396 0.00470052205631 0.0291847977322 0.0260848581741 0.0331826533971 0.0749434638074 0.0878730601937 0.115762774056 0.0933644233811 0.0884385670879 0.0916722286858 0.0944251882422 0.0805128371350 0.0682712709280 0.0433742706337 0.00370776008785 2.18436380095e-13 2.26763052780e-13 2.60902410787e-13 3.12805337188e-13 4.73787675759e-13 5.11257702840e-13 3.10980473595e-06 0.000629322079683 0.00460938070522 0.0143308696935 0.0275558642298 0.0480494655021 0.0400800277788 0.0602078240007 0.0926169897454 0.118293675910 0.160125012790 0.151974251912 0.0398241425645 0.0260788079544 0.0249476347251 0.0263230862979 0.0326576578378 0.0192250446128 0.0139357018917 0.00902769374916
# log_selcoffs_fsh[1]:
 -4.84845122392 -3.69389117951 -2.44038390012 -1.20261813618 -0.259834496413 0.523479697126 1.09116315455 0.879064772528 -0.308839438679
 -4.53124498268 -3.28295099727 -1.96465955772 -0.802321860296 -0.150060420750 0.472241417055 0.954341269479 0.791368676205 0.0913116925955
 -4.19779579400 -2.91958818377 -1.69593154257 -0.688500110552 0.00331976664698 0.546190579536 0.830157400106 0.659294144499 0.253217427876
 -3.82004784249 -2.42877563365 -1.27807505436 -0.507233008805 -0.0617235162508 0.395725691977 0.769645035389 0.682440413709 0.368725896398
 -3.62790391480 -2.15787526783 -0.739026070777 0.0277309765509 0.213190651279 0.324601228206 0.485125781383 0.490444586982 0.387734849940
 -3.47208204196 -2.12514173037 -0.833474192999 0.108791670874 0.512880699802 0.473115079638 0.353037075869 0.285742822853 0.239685279748
 -3.29154038841 -2.06089326867 -1.00682798131 -0.128544675341 0.584283840149 0.719121665801 0.405639600829 0.160179107689 0.0680273502983
 -3.09020661352 -1.83089476641 -0.915973284973 -0.153175223579 0.559506658059 0.781101113716 0.423270313232 0.107791329480 -0.0390694080726
 -2.92399182049 -1.62340197914 -0.489730372477 0.0761780313739 0.422715365595 0.621150847771 0.481842900703 0.129464591115 -0.0913856682180
 -2.75081924157 -1.30540146222 -0.129440341668 0.213134708514 0.435157976402 0.539992404068 0.342189013372 0.0297415512894 -0.163099237699
 -2.58958717738 -0.942954212530 0.528650611841 0.475796698258 0.284920757553 0.204310443960 0.0366443371840 -0.149285748720 -0.255468244724
 -2.42453303295 -0.676058651405 0.481835473159 0.529785227515 0.432613803767 0.180688788199 -0.116368432017 -0.287738117531 -0.348389768765
 -2.34736256443 -0.609725358845 0.540984021196 0.713313272763 0.399551850199 0.0398900453655 -0.258068601964 -0.414746399574 -0.450140846902
 -2.30840912937 -0.711476498183 0.541985320769 0.882228026462 0.377446833034 -0.0662313259879 -0.363105590532 -0.506247916242 -0.542606224679
 -2.48278391370 -0.885223317555 0.630777903047 0.933137989202 0.356692354311 -0.111035155442 -0.411962417457 -0.573988989317 -0.628869813683
 -2.46484726098 -0.905422307974 0.666955309050 0.837758646045 0.431964157416 -0.0325162469874 -0.390887740976 -0.588838341521 -0.670572856768
 -2.26584888218 -0.692829207823 0.753091544059 0.763016836921 0.356378202692 -0.0422684220115 -0.377074227586 -0.589947753702 -0.691496784334
 -1.91129541480 -0.387258198139 0.536547180339 0.798568387978 0.430655032685 -0.0320269558678 -0.377593431432 -0.592651234420 -0.701920599602
 -1.76516703489 -0.342310140229 0.824912349654 0.744071284224 0.224542300499 -0.159768966636 -0.451681834609 -0.649727901045 -0.755635074968
 -1.52636508111 -0.211293914975 0.801050937264 0.726597006813 0.256857181320 -0.184158747769 -0.500537701095 -0.699842987264 -0.799184787547
 -1.46122689840 -0.109766198779 0.872659710350 0.730482566075 0.185231647253 -0.266925605826 -0.588998997563 -0.780402943813 -0.866729734489
 -1.43136817804 -0.189739784206 0.668322855998 0.968457215132 0.300953392910 -0.352411368591 -0.710722796128 -0.881004275349 -0.943634354249
 -1.37537620190 0.0426270950809 0.908683105319 0.802416851796 0.144044139735 -0.442302604983 -0.802364127731 -0.963519351783 -1.00944394346
 -1.47277492114 -0.173321989527 0.865042412980 1.02791277641 0.0793849201959 -0.546203426924 -0.894806690136 -1.04883453372 -1.08259699467
 -1.54072171211 -0.165426719690 0.900055348924 0.990319321664 0.120444557798 -0.528415359728 -0.909604730198 -1.08287649513 -1.11605891950
 -1.50998734684 0.161446315718 0.732796304863 0.867094708868 0.251352608254 -0.332308386558 -0.810080344289 -1.03664824325 -1.07731899607
 -1.63013197777 -0.229278255464 0.591784211957 0.958968626260 0.375846742063 -0.157989252530 -0.658022696597 -0.925274001801 -0.998600088950
 -1.53722409098 -0.0475331052438 0.384802833846 0.810813631744 0.481097483711 -0.0113434795158 -0.482705435027 -0.764691641044 -0.859855832901
 -1.21868899820 0.168642359469 0.526909300657 0.604418295312 0.306069889962 -0.0550409320195 -0.395903177281 -0.624384538945 -0.726450500656
 -1.14370686599 0.0102685117951 0.381633212401 0.798118553463 0.260190653988 -0.129983852910 -0.374213156787 -0.535256267599 -0.622923526054
 -0.924096466128 0.535410098550 0.548802172203 0.234167750077 0.0133029855844 -0.142331903051 -0.289079477382 -0.415109619908 -0.494327234575
 -0.876109506751 0.677516720244 0.244876003870 0.159726861282 0.0192206561546 -0.0917203238398 -0.200649795204 -0.308509214313 -0.386460046018
 -1.09774800036 -0.327332691195 0.115605580838 0.569796143700 0.387527213117 0.100388946120 -0.0803071648303 -0.206996414985 -0.300719209954
 -1.46237173614 -0.558336340775 0.00448620949984 0.447375020353 0.372188007418 0.311354529284 0.102543212822 -0.0934027542094 -0.232605647466
 -1.49963335106 -0.177103351704 0.0681671957256 0.569839645356 0.368415869933 0.122341605965 -0.0656545230416 -0.198745156925 -0.262962382143
# log_selcoffs_fsh[2]:
 -6.50079186244 -5.04072775102 -3.57324860015 -1.94427417755 -0.556189547615 0.345163812365 0.998317847505 1.13015932136 0.494788313718 -0.953867268478
 -6.41390969055 -4.95747985613 -3.45598474302 -2.02650602008 -0.849971810155 0.205907910840 0.983299793150 1.17188693135 0.513340719755 -0.511313307421
 -6.29555254203 -4.88564013587 -3.47713141297 -2.12597044457 -0.998019946957 0.0675666536039 0.936880503931 1.15194379291 0.601945331649 -0.150979180536
 -6.14472353587 -4.75099348123 -3.43320784636 -2.20309223896 -1.14762801333 -0.161760800097 0.788708939867 1.14931209610 0.750870700811 0.184831612253
 -5.99517761959 -4.53680831516 -3.21246201521 -2.15495381814 -1.28891518646 -0.394760658168 0.604180742192 1.09260922181 0.881761934168 0.503363663413
 -5.84996223202 -4.49033348484 -3.15150194214 -1.90950837732 -1.07896640558 -0.489287058693 0.284095849760 0.904473603048 1.00438621869 0.838342028745
 -5.71246660144 -4.44903693738 -3.22605781069 -2.07849791103 -1.07849374574 -0.327225174479 0.213881099885 0.686170667934 0.972278150765 1.06146866831
 -5.60139597212 -4.38451280974 -3.24787294322 -2.21506076352 -1.25440158831 -0.462003340667 0.207319501907 0.631758230862 0.940322146500 1.17818452596
 -5.52860611230 -4.29260669746 -3.13885507429 -2.19014411228 -1.39516446438 -0.623720320757 0.138464233765 0.691702798882 0.954286214017 1.19420995950
 -5.43843548440 -4.15082225317 -2.95314928051 -1.96016132677 -1.21263116687 -0.620048147565 -0.0597072107477 0.581689788476 0.980594077615 1.26819195818
 -5.36228827551 -3.96474864905 -2.62381051965 -1.53848826417 -0.872307752865 -0.432286450305 -0.0188837861893 0.405148160755 0.880029034983 1.31649095086
 -5.34684469873 -3.81351396690 -2.37002282700 -1.17362708464 -0.611975045416 -0.252783862553 0.00291336403140 0.368873187453 0.878515224137 1.22235837540
 -5.36107783837 -3.65451209146 -2.02174075846 -0.732798886020 -0.247421123463 0.0379737899075 0.163289465835 0.336146459327 0.715351259563 1.06990450893
 -5.39109495271 -3.49116110031 -1.67699097508 -0.478133142795 0.111255813141 0.240004892998 0.232985102164 0.326866608584 0.572772175621 0.853142628819
 -5.39666593181 -3.31347974432 -1.36300736229 -0.0902942681024 0.348221381536 0.311813898763 0.165360570588 0.221872353005 0.467138261329 0.684826618055
 -5.36783481998 -3.13552737386 -1.05065551941 0.0747526231423 0.329862169331 0.282484965542 0.169212666756 0.213563555311 0.421435531910 0.620970314971
 -5.35406189009 -3.08669414670 -0.941081484828 0.0674000891574 0.342528854736 0.315171302878 0.185329987875 0.196623478868 0.387081955795 0.597248492946
 -5.34436335895 -3.26257106500 -1.28665694253 0.0351113251029 0.450689722313 0.407526835581 0.212796985108 0.176604575893 0.347438520905 0.546262829126
 -5.31178276217 -3.38965236990 -1.56598111580 -0.209030902901 0.508408091485 0.484012869160 0.245748194775 0.183179753429 0.349390819656 0.564215061325
 -5.24796363327 -3.43688081261 -1.70210188511 -0.375430350479 0.296291254017 0.429058906129 0.273275240290 0.244136873488 0.454572278791 0.716047793314
 -5.21757769940 -3.52670123383 -1.92593032009 -0.602355610964 0.178655872428 0.439212216085 0.337733631253 0.271502158253 0.485732298090 0.781962698282
 -5.22383635921 -3.61512217440 -2.10948365822 -0.899193367516 -0.0149889392058 0.469722795632 0.450488871508 0.353003290274 0.518762082507 0.780455532856
 -5.24771546347 -3.68778777330 -2.27072509843 -1.10668944855 -0.248515933711 0.458020598593 0.506782573567 0.437950754457 0.575112783868 0.783044371655
 -5.32293555788 -3.74581018856 -2.29204941164 -1.11892763669 -0.371499585079 0.222210854481 0.561065235018 0.540274387963 0.660207056570 0.788945008616
 -5.40078333327 -3.78258310998 -2.20130037402 -0.850759307484 -0.227512798890 0.0468884211518 0.345273837495 0.573137779057 0.707644025694 0.865018660461
 -5.50682306476 -3.83866714277 -2.29675585883 -0.953545619359 -0.181355303343 0.260930961955 0.356629751166 0.473140453885 0.668492574346 0.863462636585
 -5.70791253816 -4.01273221770 -2.32736258114 -0.898552629448 -0.0670920761422 0.425755593262 0.487944341630 0.460905618845 0.561296536692 0.713250024561
 -5.87727181868 -4.18964128306 -2.39635772739 -0.654708552449 0.0845284290053 0.478846372535 0.475398897548 0.394495762296 0.555872288094 0.606082548450
 -6.00906510541 -4.36886674109 -2.67697430059 -0.995543753506 -0.0160977939508 0.702176135607 0.604114877734 0.403563722209 0.530132197852 0.417706087067
 -6.12679998026 -4.46018620167 -2.82866093815 -1.18787665765 0.179890010960 0.830460623533 0.773529123774 0.428314989373 0.248127880860 0.137272196317
 -6.15810404554 -4.40006218342 -2.64675356360 -1.03773299590 0.121623205594 0.777127204334 0.754736169997 0.445072003478 0.270512490586 0.229235092891
 -6.13046672643 -4.24729279736 -2.38873616615 -0.796772591112 -0.00982338445874 0.364861821641 0.635492312969 0.569122304305 0.501235683933 0.533581477166
 -6.10576039201 -4.10140053972 -2.05758015434 -0.510339997461 -0.105304730641 -0.0459381840971 0.315435591135 0.620321519473 0.708712972983 0.759055606503
 -6.13742228085 -4.11157932997 -2.15281775217 -0.586473929678 0.00379767820849 0.269378825442 0.321111235900 0.499781283179 0.642935986989 0.726090148620
 -6.16058945938 -4.12438812892 -2.11043419655 -0.623493246951 0.00130953303185 0.267971433517 0.457166590985 0.454084122956 0.566983599677 0.741259874633
 -6.17458328316 -4.21645785264 -2.30078736506 -0.631575387332 0.100720059158 0.393018908594 0.445541676288 0.472266061098 0.469310645243 0.693131843457
# log_selcoffs_fsh[3]:
 -0.916727019545 -0.100043109794 1.17473909516 0.428523623864 -0.684325091020 -1.42599211842 -1.72379609716
 -1.15629447600 -0.122352631938 1.19963118760 0.440479080797 -0.677700297011 -1.42036467056 -1.72170832616
 -0.589423141152 -0.164391911938 1.11004044409 0.454199290057 -0.613946314697 -1.35442362019 -1.67001944182
 -1.48155426365 -0.285825433715 1.24064215046 0.440654945624 -0.602664091016 -1.31703737995 -1.63740016244
 -1.87744678386 -0.203511287338 1.18177661667 0.494901278058 -0.474873770839 -1.20891015826 -1.55981261199
 -1.96650200525 -0.497192267222 0.976324193490 0.800784175243 -0.228516791999 -1.07267284131 -1.46082175652
 -1.68320330384 -0.425042744390 0.761538887000 0.933632990971 -0.138053980142 -1.02053348887 -1.41172356037
 -1.32186867030 0.566761218498 0.831687551820 0.338048867015 -0.374329129254 -1.07113784906 -1.42277538665
 -1.39083237141 0.637904420798 0.897431901790 0.223400503074 -0.485626231177 -1.13894755638 -1.51623172750
 -1.59045225417 0.313305333661 0.997769439997 0.481297917404 -0.483178924560 -1.23941768604 -1.65309398139
 -1.85189267699 -0.381457338560 0.900896315249 0.902999657273 -0.258147229101 -1.23977599236 -1.77511926863
 -1.81408768556 -0.341246916927 0.825787022612 0.938046155812 -0.179025982436 -1.23744066026 -1.82474822595
 -1.65971857214 -0.106136446048 1.01841757815 0.711261291593 -0.381271033028 -1.33083815558 -1.84586355688
 -1.42125194725 0.587508005809 0.997028498262 0.280645018751 -0.647463750005 -1.42006806962 -1.83370132974
 -1.47037012470 0.226940195353 1.18152000450 0.328817157906 -0.746689264937 -1.48329785117 -1.79615812985
 -1.47610112388 0.261300754288 1.25222871098 0.178484465829 -0.924631382336 -1.56549883993 -1.75066332300
 -1.27043762474 0.583270533433 1.12171594979 0.0789419572424 -0.985853578816 -1.54071356381 -1.67241063857
 -1.18579120417 0.637364703055 1.09151898638 0.00802624848420 -0.948235688222 -1.47210341590 -1.61301578926
 -0.700021815752 1.08552087556 0.651295454125 -0.209011003075 -0.973688183099 -1.44461975937 -1.61188896986
 -0.538168681962 1.20115381701 0.518560058338 -0.401787464416 -1.09659679837 -1.51007073272 -1.66811023941
 -0.328781315515 1.16325273078 0.579915198899 -0.463877957060 -1.21634963138 -1.62252973711 -1.76353585180
 -0.400674658228 1.13951122962 0.686144599425 -0.493049979321 -1.31958328256 -1.71786367066 -1.82392307182
 -0.231959911653 0.853648092464 0.990617276514 -0.520463555384 -1.42403842188 -1.77953576599 -1.81875927600
 -0.167540263296 1.07299025196 0.729256063222 -0.515227079224 -1.40796288393 -1.81219124223 -1.88843952008
 -0.357385925934 0.561471382311 1.10088843646 -0.0772115570551 -1.18802925412 -1.77161018915 -1.96728035376
 -0.102394022526 0.694550511245 0.640237978282 0.312849951616 -0.710167769554 -1.57207140311 -2.03185181390
 -0.897543698753 0.750534016871 0.864692852624 0.179056800696 -0.604071869243 -1.44605793986 -2.10491566827
 -1.41348153349 0.257632880739 1.14837728988 0.385405268926 -0.667856879179 -1.53747823891 -2.19077109990
 -1.56564352287 0.00650706052565 1.24632663808 0.436814934490 -0.741401353291 -1.70919587801 -2.28527316935
 -1.50572697371 0.215468591761 0.818885144878 0.898048205158 -0.599016945988 -1.77168773064 -2.34834896078
 -1.44161291262 1.03564376269 0.756494168551 0.148200508980 -0.892750528912 -1.85255753071 -2.41202835407
 -1.62579572375 0.598360105463 1.20145215079 0.0778421364722 -1.03210423236 -1.95836266797 -2.51488400529
 -1.83626715806 -0.0579369086416 1.39112075961 0.273170221604 -1.03130361346 -2.03343760804 -2.57733450263
 -1.71646350455 0.00287126338487 1.11631007002 0.764650328276 -0.886024681454 -2.05141792960 -2.59332408148
 -1.53216674341 0.161953099171 1.34524497560 0.225961805708 -1.13716205517 -2.11476855626 -2.60255496088
 -1.09555615078 1.13977024784 0.829563729799 -0.235636416854 -1.31409552120 -2.16510514760 -2.60700788603
 -1.03911301489 1.07367245077 0.945993477850 -0.319723507095 -1.44334804747 -2.21460988577 -2.61628985381
 -0.843832758254 1.10649430594 0.879608685922 -0.330189959920 -1.44012178398 -2.22576154264 -2.62315224505
 -0.805912579450 1.13959066723 0.820043743902 -0.308643444764 -1.41777717592 -2.22036208961 -2.63153687740
# log_selcoffs_fsh[4]:
 -5.97555723406 -4.81646050227 -3.63331570718 -2.39298902177 -1.10903285106 0.0888156309991 0.945604052074 1.12076073101 0.591816508764
 -5.96350929106 -4.79703944943 -3.60072619515 -2.30897653746 -0.976169921536 0.183782166252 0.953772379104 1.05708249588 0.593635130197
 -5.92914348829 -4.75853465717 -3.56645412965 -2.30861805284 -0.998571874356 0.164957492472 0.938627945881 1.06294982006 0.621645467232
 -5.86466767044 -4.68152636656 -3.49732457845 -2.28716877702 -1.03794721442 0.0986519434344 0.896741000425 1.07848192044 0.696336620076
 -5.79557982552 -4.58515526063 -3.38706790084 -2.20845485022 -1.00520704866 0.104169424483 0.862055231647 1.05271037647 0.757947657803
 -5.72479277826 -4.52692348425 -3.31854270326 -2.11393951951 -0.990640808368 0.0384079224149 0.816153050567 1.06730379067 0.810552301632
 -5.63698563850 -4.45127150468 -3.25160678011 -2.03088213395 -0.914457608715 0.0566855314723 0.787734053237 1.02832823075 0.859080095562
 -5.52618545426 -4.33040939569 -3.16810357333 -1.99233457750 -0.885187100676 0.0330465057707 0.741980242912 1.02572434594 0.903795366527
 -5.41339794098 -4.17296256037 -3.03736250374 -1.98886458126 -0.959278682444 -0.00796128608770 0.728193378461 1.01873274966 0.947427936142
 -5.30389864103 -4.07038084267 -2.88278783026 -1.79972700160 -0.875987327356 -0.0347897597091 0.642437968199 0.994919367381 1.01839916550
 -5.21884111022 -3.98463485193 -2.80138790395 -1.70577299243 -0.731732385910 0.0457842426969 0.614625542902 0.930009448378 1.03751983975
 -5.16274176740 -3.88838761760 -2.69732439847 -1.63540467889 -0.670331315059 0.134070346779 0.636978171623 0.890859948646 1.00376701396
 -5.11938415233 -3.75644155408 -2.49315078284 -1.47152606672 -0.642166813089 0.114648545504 0.666643436371 0.890175401812 0.966053251646
 -5.06807887458 -3.58054223201 -2.13179486622 -1.06798008112 -0.400471030465 0.117674928573 0.545531822677 0.836574084472 0.983824209891
 -4.99899670856 -3.43113382297 -1.88630273826 -0.736326495525 -0.158746660146 0.148034598735 0.429316763030 0.750413005494 0.979662134923
 -4.91197578545 -3.29575687929 -1.66608867310 -0.480596448419 -0.0827418897100 0.109698454673 0.361413647759 0.693025463302 0.984531992073
 -4.85444420637 -3.26897483964 -1.67739313749 -0.486679191982 -0.0714733667437 0.159829793943 0.385094177145 0.672305301380 0.963099366457
 -4.81113383993 -3.36196522247 -2.02307628138 -0.988990823707 -0.260203520043 0.332652997372 0.594952081849 0.704059420651 0.897127695903
 -4.72894759722 -3.39736631389 -2.18129706792 -1.22395542172 -0.473264375469 0.181467605451 0.596459287017 0.829132783419 0.963858313459
 -4.67225299395 -3.41207009017 -2.27440365721 -1.35697167793 -0.664975405662 -0.0204886443795 0.577987606787 0.931373730927 1.02350481218
 -4.61891942774 -3.37331693848 -2.23806011507 -1.41200732644 -0.768799690665 -0.192244682235 0.434079809900 0.997121225383 1.11934846051
 -4.53042751844 -3.28870397408 -1.99523614460 -1.28308666179 -0.803386475081 -0.228181707194 0.328308508451 0.850465593774 1.27133697198
 -4.42377696041 -3.35328477790 -2.30051442661 -1.42901201121 -0.801446132013 -0.190525211833 0.310672468564 0.813921240056 1.31291751575
 -4.26393607416 -3.26622968970 -2.35081745803 -1.53461080970 -0.859200755835 -0.274219712072 0.234543408275 0.787975815667 1.38379492572
 -4.17033090094 -3.18523327803 -2.20135330140 -1.35305433603 -0.716226296342 -0.0982559487266 0.381963043808 0.825489407925 1.23282728775
 -3.92858344037 -2.89406854499 -1.79988129484 -1.11677994925 -0.779595668192 -0.272466583482 0.313542124446 0.843290037875 1.25845344685
 -3.60183729021 -2.65594293001 -1.70244673117 -1.04136419364 -0.666066381810 -0.309043554163 0.214087071172 0.823710358604 1.28141687470
 -3.14143501405 -2.27975341635 -1.51903102456 -0.954199820433 -0.632546529634 -0.338403866584 -0.0134222023414 0.631450602941 1.42052123896
 -2.58457365823 -1.80660778312 -1.36220121310 -1.03308702832 -0.784914436303 -0.531778787485 -0.0752942370737 0.568445956363 1.48424857216
 -2.56677382687 -1.89041986943 -1.40191081758 -1.07126800437 -0.820298798621 -0.527491360036 -0.0363090789678 0.688981301150 1.43439317325
# log_sel_spl_fsh[1]:
 0.00000000000 0.00000000000 0.00000000000 0.00000000000
 0.00000000000 0.00000000000 0.00000000000 0.00000000000
 0.00000000000 0.00000000000 0.00000000000 0.00000000000
 0.00000000000 0.00000000000 0.00000000000 0.00000000000
 0.00000000000 0.00000000000 0.00000000000 0.00000000000
 0.00000000000 0.00000000000 0.00000000000 0.00000000000
 0.00000000000 0.00000000000 0.00000000000 0.00000000000
 0.00000000000 0.00000000000 0.00000000000 0.00000000000
 0.00000000000 0.00000000000 0.00000000000 0.00000000000
 0.00000000000 0.00000000000 0.00000000000 0.00000000000
 0.00000000000 0.00000000000 0.00000000000 0.00000000000
 0.00000000000 0.00000000000 0.00000000000 0.00000000000
 0.00000000000 0.00000000000 0.00000000000 0.00000000000
 0.00000000000 0.00000000000 0.00000000000 0.00000000000
 0.00000000000 0.00000000000 0.00000000000 0.00000000000
 0.00000000000 0.00000000000 0.00000000000 0.00000000000
 0.00000000000 0.00000000000 0.00000000000 0.00000000000
 0.00000000000 0.00000000000 0.00000000000 0.00000000000
 0.00000000000 0.00000000000 0.00000000000 0.00000000000
 0.00000000000 0.00000000000 0.00000000000 0.00000000000
 0.00000000000 0.00000000000 0.00000000000 0.00000000000
 0.00000000000 0.00000000000 0.00000000000 0.00000000000
 0.00000000000 0.00000000000 0.00000000000 0.00000000000
 0.00000000000 0.00000000000 0.00000000000 0.00000000000
 0.00000000000 0.00000000000 0.00000000000 0.00000000000
 0.00000000000 0.00000000000 0.00000000000 0.00000000000
 0.00000000000 0.00000000000 0.00000000000 0.00000000000
 0.00000000000 0.00000000000 0.00000000000 0.00000000000
 0.00000000000 0.00000000000 0.00000000000 0.00000000000
 0.00000000000 0.00000000000 0.00000000000 0.00000000000
 0.00000000000 0.00000000000 0.00000000000 0.00000000000
 0.00000000000 0.00000000000 0.00000000000 0.00000000000
 0.00000000000 0.00000000000 0.00000000000 0.00000000000
 0.00000000000 0.00000000000 0.00000000000 0.00000000000
 0.00000000000 0.00000000000 0.00000000000 0.00000000000
# log_sel_spl_fsh[2]:
 0.00000000000 0.00000000000 0.00000000000 0.00000000000
 0.00000000000 0.00000000000 0.00000000000 0.00000000000
 0.00000000000 0.00000000000 0.00000000000 0.00000000000
 0.00000000000 0.00000000000 0.00000000000 0.00000000000
 0.00000000000 0.00000000000 0.00000000000 0.00000000000
 0.00000000000 0.00000000000 0.00000000000 0.00000000000
 0.00000000000 0.00000000000 0.00000000000 0.00000000000
 0.00000000000 0.00000000000 0.00000000000 0.00000000000
 0.00000000000 0.00000000000 0.00000000000 0.00000000000
 0.00000000000 0.00000000000 0.00000000000 0.00000000000
 0.00000000000 0.00000000000 0.00000000000 0.00000000000
 0.00000000000 0.00000000000 0.00000000000 0.00000000000
 0.00000000000 0.00000000000 0.00000000000 0.00000000000
 0.00000000000 0.00000000000 0.00000000000 0.00000000000
 0.00000000000 0.00000000000 0.00000000000 0.00000000000
 0.00000000000 0.00000000000 0.00000000000 0.00000000000
 0.00000000000 0.00000000000 0.00000000000 0.00000000000
 0.00000000000 0.00000000000 0.00000000000 0.00000000000
 0.00000000000 0.00000000000 0.00000000000 0.00000000000
 0.00000000000 0.00000000000 0.00000000000 0.00000000000
 0.00000000000 0.00000000000 0.00000000000 0.00000000000
 0.00000000000 0.00000000000 0.00000000000 0.00000000000
 0.00000000000 0.00000000000 0.00000000000 0.00000000000
 0.00000000000 0.00000000000 0.00000000000 0.00000000000
 0.00000000000 0.00000000000 0.00000000000 0.00000000000
 0.00000000000 0.00000000000 0.00000000000 0.00000000000
 0.00000000000 0.00000000000 0.00000000000 0.00000000000
 0.00000000000 0.00000000000 0.00000000000 0.00000000000
 0.00000000000 0.00000000000 0.00000000000 0.00000000000
 0.00000000000 0.00000000000 0.00000000000 0.00000000000
 0.00000000000 0.00000000000 0.00000000000 0.00000000000
 0.00000000000 0.00000000000 0.00000000000 0.00000000000
 0.00000000000 0.00000000000 0.00000000000 0.00000000000
 0.00000000000 0.00000000000 0.00000000000 0.00000000000
 0.00000000000 0.00000000000 0.00000000000 0.00000000000
 0.00000000000 0.00000000000 0.00000000000 0.00000000000
# log_sel_spl_fsh[3]:
 0.00000000000 0.00000000000 0.00000000000 0.00000000000
 0.00000000000 0.00000000000 0.00000000000 0.00000000000
 0.00000000000 0.00000000000 0.00000000000 0.00000000000
 0.00000000000 0.00000000000 0.00000000000 0.00000000000
 0.00000000000 0.00000000000 0.00000000000 0.00000000000
 0.00000000000 0.00000000000 0.00000000000 0.00000000000
 0.00000000000 0.00000000000 0.00000000000 0.00000000000
 0.00000000000 0.00000000000 0.00000000000 0.00000000000
 0.00000000000 0.00000000000 0.00000000000 0.00000000000
 0.00000000000 0.00000000000 0.00000000000 0.00000000000
 0.00000000000 0.00000000000 0.00000000000 0.00000000000
 0.00000000000 0.00000000000 0.00000000000 0.00000000000
 0.00000000000 0.00000000000 0.00000000000 0.00000000000
 0.00000000000 0.00000000000 0.00000000000 0.00000000000
 0.00000000000 0.00000000000 0.00000000000 0.00000000000
 0.00000000000 0.00000000000 0.00000000000 0.00000000000
 0.00000000000 0.00000000000 0.00000000000 0.00000000000
 0.00000000000 0.00000000000 0.00000000000 0.00000000000
 0.00000000000 0.00000000000 0.00000000000 0.00000000000
 0.00000000000 0.00000000000 0.00000000000 0.00000000000
 0.00000000000 0.00000000000 0.00000000000 0.00000000000
 0.00000000000 0.00000000000 0.00000000000 0.00000000000
 0.00000000000 0.00000000000 0.00000000000 0.00000000000
 0.00000000000 0.00000000000 0.00000000000 0.00000000000
 0.00000000000 0.00000000000 0.00000000000 0.00000000000
 0.00000000000 0.00000000000 0.00000000000 0.00000000000
 0.00000000000 0.00000000000 0.00000000000 0.00000000000
 0.00000000000 0.00000000000 0.00000000000 0.00000000000
 0.00000000000 0.00000000000 0.00000000000 0.00000000000
 0.00000000000 0.00000000000 0.00000000000 0.00000000000
 0.00000000000 0.00000000000 0.00000000000 0.00000000000
 0.00000000000 0.00000000000 0.00000000000 0.00000000000
 0.00000000000 0.00000000000 0.00000000000 0.00000000000
 0.00000000000 0.00000000000 0.00000000000 0.00000000000
 0.00000000000 0.00000000000 0.00000000000 0.00000000000
 0.00000000000 0.00000000000 0.00000000000 0.00000000000
 0.00000000000 0.00000000000 0.00000000000 0.00000000000
 0.00000000000 0.00000000000 0.00000000000 0.00000000000
 0.00000000000 0.00000000000 0.00000000000 0.00000000000
# log_sel_spl_fsh[4]:
 0.00000000000 0.00000000000 0.00000000000 0.00000000000
 0.00000000000 0.00000000000 0.00000000000 0.00000000000
 0.00000000000 0.00000000000 0.00000000000 0.00000000000
 0.00000000000 0.00000000000 0.00000000000 0.00000000000
 0.00000000000 0.00000000000 0.00000000000 0.00000000000
 0.00000000000 0.00000000000 0.00000000000 0.00000000000
 0.00000000000 0.00000000000 0.00000000000 0.00000000000
 0.00000000000 0.00000000000 0.00000000000 0.00000000000
 0.00000000000 0.00000000000 0.00000000000 0.00000000000
 0.00000000000 0.00000000000 0.00000000000 0.00000000000
 0.00000000000 0.00000000000 0.00000000000 0.00000000000
 0.00000000000 0.00000000000 0.00000000000 0.00000000000
 0.00000000000 0.00000000000 0.00000000000 0.00000000000
 0.00000000000 0.00000000000 0.00000000000 0.00000000000
 0.00000000000 0.00000000000 0.00000000000 0.00000000000
 0.00000000000 0.00000000000 0.00000000000 0.00000000000
 0.00000000000 0.00000000000 0.00000000000 0.00000000000
 0.00000000000 0.00000000000 0.00000000000 0.00000000000
 0.00000000000 0.00000000000 0.00000000000 0.00000000000
 0.00000000000 0.00000000000 0.00000000000 0.00000000000
 0.00000000000 0.00000000000 0.00000000000 0.00000000000
 0.00000000000 0.00000000000 0.00000000000 0.00000000000
 0.00000000000 0.00000000000 0.00000000000 0.00000000000
 0.00000000000 0.00000000000 0.00000000000 0.00000000000
 0.00000000000 0.00000000000 0.00000000000 0.00000000000
 0.00000000000 0.00000000000 0.00000000000 0.00000000000
 0.00000000000 0.00000000000 0.00000000000 0.00000000000
 0.00000000000 0.00000000000 0.00000000000 0.00000000000
 0.00000000000 0.00000000000 0.00000000000 0.00000000000
 0.00000000000 0.00000000000 0.00000000000 0.00000000000
# logsel_slope_fsh[1]:
 0.00000000000 0.00000000000 0.00000000000 0.00000000000 0.00000000000 0.00000000000 0.00000000000 0.00000000000 0.00000000000 0.00000000000 0.00000000000 0.00000000000 0.00000000000 0.00000000000 0.00000000000 0.00000000000 0.00000000000 0.00000000000 0.00000000000 0.00000000000 0.00000000000 0.00000000000 0.00000000000 0.00000000000 0.00000000000 0.00000000000 0.00000000000 0.00000000000 0.00000000000 0.00000000000 0.00000000000 0.00000000000 0.00000000000 0.00000000000 0.00000000000
# logsel_slope_fsh[2]:
 0.00000000000 0.00000000000 0.00000000000 0.00000000000 0.00000000000 0.00000000000 0.00000000000 0.00000000000 0.00000000000 0.00000000000 0.00000000000 0.00000000000 0.00000000000 0.00000000000 0.00000000000 0.00000000000 0.00000000000 0.00000000000 0.00000000000 0.00000000000 0.00000000000 0.00000000000 0.00000000000 0.00000000000 0.00000000000 0.00000000000 0.00000000000 0.00000000000 0.00000000000 0.00000000000 0.00000000000 0.00000000000 0.00000000000 0.00000000000 0.00000000000 0.00000000000
# logsel_slope_fsh[3]:
 0.00000000000 0.00000000000 0.00000000000 0.00000000000 0.00000000000 0.00000000000 0.00000000000 0.00000000000 0.00000000000 0.00000000000 0.00000000000 0.00000000000 0.00000000000 0.00000000000 0.00000000000 0.00000000000 0.00000000000 0.00000000000 0.00000000000 0.00000000000 0.00000000000 0.00000000000 0.00000000000 0.00000000000 0.00000000000 0.00000000000 0.00000000000 0.00000000000 0.00000000000 0.00000000000 0.00000000000 0.00000000000 0.00000000000 0.00000000000 0.00000000000 0.00000000000 0.00000000000 0.00000000000 0.00000000000
# logsel_slope_fsh[4]:
 0.00000000000 0.00000000000 0.00000000000 0.00000000000 0.00000000000 0.00000000000 0.00000000000 0.00000000000 0.00000000000 0.00000000000 0.00000000000 0.00000000000 0.00000000000 0.00000000000 0.00000000000 0.00000000000 0.00000000000 0.00000000000 0.00000000000 0.00000000000 0.00000000000 0.00000000000 0.00000000000 0.00000000000 0.00000000000 0.00000000000 0.00000000000 0.00000000000 0.00000000000 0.00000000000
# sel50_fsh[1]:
 0.00000000000 0.00000000000 0.00000000000 0.00000000000 0.00000000000 0.00000000000 0.00000000000 0.00000000000 0.00000000000 0.00000000000 0.00000000000 0.00000000000 0.00000000000 0.00000000000 0.00000000000 0.00000000000 0.00000000000 0.00000000000 0.00000000000 0.00000000000 0.00000000000 0.00000000000 0.00000000000 0.00000000000 0.00000000000 0.00000000000 0.00000000000 0.00000000000 0.00000000000 0.00000000000 0.00000000000 0.00000000000 0.00000000000 0.00000000000 0.00000000000
# sel50_fsh[2]:
 0.00000000000 0.00000000000 0.00000000000 0.00000000000 0.00000000000 0.00000000000 0.00000000000 0.00000000000 0.00000000000 0.00000000000 0.00000000000 0.00000000000 0.00000000000 0.00000000000 0.00000000000 0.00000000000 0.00000000000 0.00000000000 0.00000000000 0.00000000000 0.00000000000 0.00000000000 0.00000000000 0.00000000000 0.00000000000 0.00000000000 0.00000000000 0.00000000000 0.00000000000 0.00000000000 0.00000000000 0.00000000000 0.00000000000 0.00000000000 0.00000000000 0.00000000000
# sel50_fsh[3]:
 0.00000000000 0.00000000000 0.00000000000 0.00000000000 0.00000000000 0.00000000000 0.00000000000 0.00000000000 0.00000000000 0.00000000000 0.00000000000 0.00000000000 0.00000000000 0.00000000000 0.00000000000 0.00000000000 0.00000000000 0.00000000000 0.00000000000 0.00000000000 0.00000000000 0.00000000000 0.00000000000 0.00000000000 0.00000000000 0.00000000000 0.00000000000 0.00000000000 0.00000000000 0.00000000000 0.00000000000 0.00000000000 0.00000000000 0.00000000000 0.00000000000 0.00000000000 0.00000000000 0.00000000000 0.00000000000
# sel50_fsh[4]:
 0.00000000000 0.00000000000 0.00000000000 0.00000000000 0.00000000000 0.00000000000 0.00000000000 0.00000000000 0.00000000000 0.00000000000 0.00000000000 0.00000000000 0.00000000000 0.00000000000 0.00000000000 0.00000000000 0.00000000000 0.00000000000 0.00000000000 0.00000000000 0.00000000000 0.00000000000 0.00000000000 0.00000000000 0.00000000000 0.00000000000 0.00000000000 0.00000000000 0.00000000000 0.00000000000
# logsel_p1_fsh[1]:
 0.00000000000 0.00000000000 0.00000000000 0.00000000000 0.00000000000 0.00000000000 0.00000000000 0.00000000000 0.00000000000 0.00000000000 0.00000000000 0.00000000000 0.00000000000 0.00000000000 0.00000000000 0.00000000000 0.00000000000 0.00000000000 0.00000000000 0.00000000000 0.00000000000 0.00000000000 0.00000000000 0.00000000000 0.00000000000 0.00000000000 0.00000000000 0.00000000000 0.00000000000 0.00000000000 0.00000000000 0.00000000000 0.00000000000 0.00000000000 0.00000000000
# logsel_p1_fsh[2]:
 0.00000000000 0.00000000000 0.00000000000 0.00000000000 0.00000000000 0.00000000000 0.00000000000 0.00000000000 0.00000000000 0.00000000000 0.00000000000 0.00000000000 0.00000000000 0.00000000000 0.00000000000 0.00000000000 0.00000000000 0.00000000000 0.00000000000 0.00000000000 0.00000000000 0.00000000000 0.00000000000 0.00000000000 0.00000000000 0.00000000000 0.00000000000 0.00000000000 0.00000000000 0.00000000000 0.00000000000 0.00000000000 0.00000000000 0.00000000000 0.00000000000 0.00000000000
# logsel_p1_fsh[3]:
 0.00000000000 0.00000000000 0.00000000000 0.00000000000 0.00000000000 0.00000000000 0.00000000000 0.00000000000 0.00000000000 0.00000000000 0.00000000000 0.00000000000 0.00000000000 0.00000000000 0.00000000000 0.00000000000 0.00000000000 0.00000000000 0.00000000000 0.00000000000 0.00000000000 0.00000000000 0.00000000000 0.00000000000 0.00000000000 0.00000000000 0.00000000000 0.00000000000 0.00000000000 0.00000000000 0.00000000000 0.00000000000 0.00000000000 0.00000000000 0.00000000000 0.00000000000 0.00000000000 0.00000000000 0.00000000000
# logsel_p1_fsh[4]:
 0.00000000000 0.00000000000 0.00000000000 0.00000000000 0.00000000000 0.00000000000 0.00000000000 0.00000000000 0.00000000000 0.00000000000 0.00000000000 0.00000000000 0.00000000000 0.00000000000 0.00000000000 0.00000000000 0.00000000000 0.00000000000 0.00000000000 0.00000000000 0.00000000000 0.00000000000 0.00000000000 0.00000000000 0.00000000000 0.00000000000 0.00000000000 0.00000000000 0.00000000000 0.00000000000
# sel_p2_fsh[1]:
 0.00000000000 0.00000000000 0.00000000000 0.00000000000 0.00000000000 0.00000000000 0.00000000000 0.00000000000 0.00000000000 0.00000000000 0.00000000000 0.00000000000 0.00000000000 0.00000000000 0.00000000000 0.00000000000 0.00000000000 0.00000000000 0.00000000000 0.00000000000 0.00000000000 0.00000000000 0.00000000000 0.00000000000 0.00000000000 0.00000000000 0.00000000000 0.00000000000 0.00000000000 0.00000000000 0.00000000000 0.00000000000 0.00000000000 0.00000000000 0.00000000000
# sel_p2_fsh[2]:
 0.00000000000 0.00000000000 0.00000000000 0.00000000000 0.00000000000 0.00000000000 0.00000000000 0.00000000000 0.00000000000 0.00000000000 0.00000000000 0.00000000000 0.00000000000 0.00000000000 0.00000000000 0.00000000000 0.00000000000 0.00000000000 0.00000000000 0.00000000000 0.00000000000 0.00000000000 0.00000000000 0.00000000000 0.00000000000 0.00000000000 0.00000000000 0.00000000000 0.00000000000 0.00000000000 0.00000000000 0.00000000000 0.00000000000 0.00000000000 0.00000000000 0.00000000000
# sel_p2_fsh[3]:
 0.00000000000 0.00000000000 0.00000000000 0.00000000000 0.00000000000 0.00000000000 0.00000000000 0.00000000000 0.00000000000 0.00000000000 0.00000000000 0.00000000000 0.00000000000 0.00000000000 0.00000000000 0.00000000000 0.00000000000 0.00000000000 0.00000000000 0.00000000000 0.00000000000 0.00000000000 0.00000000000 0.00000000000 0.00000000000 0.00000000000 0.00000000000 0.00000000000 0.00000000000 0.00000000000 0.00000000000 0.00000000000 0.00000000000 0.00000000000 0.00000000000 0.00000000000 0.00000000000 0.00000000000 0.00000000000
# sel_p2_fsh[4]:
 0.00000000000 0.00000000000 0.00000000000 0.00000000000 0.00000000000 0.00000000000 0.00000000000 0.00000000000 0.00000000000 0.00000000000 0.00000000000 0.00000000000 0.00000000000 0.00000000000 0.00000000000 0.00000000000 0.00000000000 0.00000000000 0.00000000000 0.00000000000 0.00000000000 0.00000000000 0.00000000000 0.00000000000 0.00000000000 0.00000000000 0.00000000000 0.00000000000 0.00000000000 0.00000000000
# logsel_p3_fsh[1]:
 0.00000000000 0.00000000000 0.00000000000 0.00000000000 0.00000000000 0.00000000000 0.00000000000 0.00000000000 0.00000000000 0.00000000000 0.00000000000 0.00000000000 0.00000000000 0.00000000000 0.00000000000 0.00000000000 0.00000000000 0.00000000000 0.00000000000 0.00000000000 0.00000000000 0.00000000000 0.00000000000 0.00000000000 0.00000000000 0.00000000000 0.00000000000 0.00000000000 0.00000000000 0.00000000000 0.00000000000 0.00000000000 0.00000000000 0.00000000000 0.00000000000
# logsel_p3_fsh[2]:
 0.00000000000 0.00000000000 0.00000000000 0.00000000000 0.00000000000 0.00000000000 0.00000000000 0.00000000000 0.00000000000 0.00000000000 0.00000000000 0.00000000000 0.00000000000 0.00000000000 0.00000000000 0.00000000000 0.00000000000 0.00000000000 0.00000000000 0.00000000000 0.00000000000 0.00000000000 0.00000000000 0.00000000000 0.00000000000 0.00000000000 0.00000000000 0.00000000000 0.00000000000 0.00000000000 0.00000000000 0.00000000000 0.00000000000 0.00000000000 0.00000000000 0.00000000000
# logsel_p3_fsh[3]:
 0.00000000000 0.00000000000 0.00000000000 0.00000000000 0.00000000000 0.00000000000 0.00000000000 0.00000000000 0.00000000000 0.00000000000 0.00000000000 0.00000000000 0.00000000000 0.00000000000 0.00000000000 0.00000000000 0.00000000000 0.00000000000 0.00000000000 0.00000000000 0.00000000000 0.00000000000 0.00000000000 0.00000000000 0.00000000000 0.00000000000 0.00000000000 0.00000000000 0.00000000000 0.00000000000 0.00000000000 0.00000000000 0.00000000000 0.00000000000 0.00000000000 0.00000000000 0.00000000000 0.00000000000 0.00000000000
# logsel_p3_fsh[4]:
 0.00000000000 0.00000000000 0.00000000000 0.00000000000 0.00000000000 0.00000000000 0.00000000000 0.00000000000 0.00000000000 0.00000000000 0.00000000000 0.00000000000 0.00000000000 0.00000000000 0.00000000000 0.00000000000 0.00000000000 0.00000000000 0.00000000000 0.00000000000 0.00000000000 0.00000000000 0.00000000000 0.00000000000 0.00000000000 0.00000000000 0.00000000000 0.00000000000 0.00000000000 0.00000000000
# rec_dev_future:
 0.00000000000 0.00000000000 0.00000000000 0.00000000000 0.00000000000 0.00000000000 0.00000000000 0.00000000000 0.00000000000 0.00000000000 0.00000000000 0.00000000000 0.00000000000 0.00000000000 0.00000000000 0.00000000000 0.00000000000 0.00000000000 0.00000000000 0.00000000000
# log_q_ind[1]:
-0.0687769351760
# log_q_ind[2]:
-3.24165470540
# log_q_ind[3]:
-9.57703581424
# log_q_ind[4]:
-0.694653948894
# log_q_ind[5]:
-6.20545856295
# log_q_ind[6]:
-8.44040019826
# log_q_ind[7]:
-0.921317828362
# log_q_power_ind[1]:
0.00000000000
# log_q_power_ind[2]:
0.00000000000
# log_q_power_ind[3]:
0.00000000000
# log_q_power_ind[4]:
0.00000000000
# log_q_power_ind[5]:
0.00000000000
# log_q_power_ind[6]:
0.00000000000
# log_q_power_ind[7]:
0.00000000000
# log_rw_q_ind[1]:
 -1.18155053061
# log_rw_q_ind[3]:
 -0.295834557978
# log_selcoffs_ind[1]:
 -3.28776469305 -2.13010340612 -1.02348112685 -0.169142820921 0.285856195030 0.449635992481 0.429802303918 0.362533618893 0.325232728393 0.324394709631
 -3.23499455927 -2.32878430185 -1.45433393634 -0.653721045837 0.00262297682191 0.426485461803 0.569181406784 0.537428373940 0.459740214427 0.414087649178
# log_selcoffs_ind[2]:
 -0.517556139099 -0.0283230480532 0.260429757452 0.318776729512 0.157555693571 -0.00994239929889 -0.0969759128875 -0.111155043935 -0.104644583257 -0.110659592914
 0.0759386917351 0.163965484147 0.166971831011 0.172150005388 0.117158474027 0.0107859438156 -0.112541311240 -0.209293042371 -0.259437698763 -0.271798385039
 0.487675529144 0.298848134095 0.163225850638 0.0702599916408 -0.0229841587572 -0.125083575497 -0.221439753798 -0.305667622618 -0.362914838555 -0.386049765387
# log_selcoffs_ind[3]:
 -0.202940821038 0.0202027052767 0.0202027052767 0.0202027052767 0.0202027052767 0.0202027052767 0.0202027052767 0.0202027052767 0.0202027052767 0.0202027052767
# log_selcoffs_ind[4]:
 -2.68308713193 -1.67541013151 -0.805460806261 -0.251842765243 -0.0119834986623 0.142900307011 0.286193755227 0.423583650057 0.532092754760 0.597295627303
 -3.30270726005 -2.41682114517 -1.55030298172 -0.805150253744 -0.243878944665 0.160894881798 0.434852506361 0.609628435458 0.661792000112 0.659547983374
# log_selcoffs_ind[5]:
 -3.04452005677 -0.669616569639 0.101782682789 0.174353368097 0.174353368097 0.174353368097 0.174353368097 0.174353368097 0.174353368097 0.174353368097
# log_selcoffs_ind[6]:
 -3.04452005677 -0.669616569639 0.101782682789 0.174353368097 0.174353368097 0.174353368097 0.174353368097 0.174353368097 0.174353368097 0.174353368097
# log_selcoffs_ind[7]:
 -3.04452005677 -0.669616569639 0.101782682789 0.174353368097 0.174353368097 0.174353368097 0.174353368097 0.174353368097 0.174353368097 0.174353368097
# logsel_slope_ind[1]:
 0.00000000000 0.00000000000
# logsel_slope_ind[2]:
 0.00000000000 0.00000000000 0.00000000000
# logsel_slope_ind[3]:
 0.00000000000
# logsel_slope_ind[4]:
 0.00000000000 0.00000000000
# logsel_slope_ind[5]:
 0.00000000000
# logsel_slope_ind[6]:
 0.00000000000
# logsel_slope_ind[7]:
 0.00000000000
# sel50_ind[1]:
 0.00000000000 0.00000000000
# sel50_ind[2]:
 0.00000000000 0.00000000000 0.00000000000
# sel50_ind[3]:
 0.00000000000
# sel50_ind[4]:
 0.00000000000 0.00000000000
# sel50_ind[5]:
 0.00000000000
# sel50_ind[6]:
 0.00000000000
# sel50_ind[7]:
 0.00000000000
# logsel_p1_ind[1]:
 0.00000000000 0.00000000000
# logsel_p1_ind[2]:
 0.00000000000 0.00000000000 0.00000000000
# logsel_p1_ind[3]:
 0.00000000000
# logsel_p1_ind[4]:
 0.00000000000 0.00000000000
# logsel_p1_ind[5]:
 0.00000000000
# logsel_p1_ind[6]:
 0.00000000000
# logsel_p1_ind[7]:
 0.00000000000
# sel_p2_ind[1]:
 0.00000000000 0.00000000000
# sel_p2_ind[2]:
 0.00000000000 0.00000000000 0.00000000000
# sel_p2_ind[3]:
 0.00000000000
# sel_p2_ind[4]:
 0.00000000000 0.00000000000
# sel_p2_ind[5]:
 0.00000000000
# sel_p2_ind[6]:
 0.00000000000
# sel_p2_ind[7]:
 0.00000000000
# logsel_p3_ind[1]:
 0.00000000000 0.00000000000
# logsel_p3_ind[2]:
 0.00000000000 0.00000000000 0.00000000000
# logsel_p3_ind[3]:
 0.00000000000
# logsel_p3_ind[4]:
 0.00000000000 0.00000000000
# logsel_p3_ind[5]:
 0.00000000000
# logsel_p3_ind[6]:
 0.00000000000
# logsel_p3_ind[7]:
 0.00000000000
