# Number of parameters = 1615 Objective function value = 1400.73615267620  Maximum gradient component = 0.0316114872720119
# Mest[1]:
0.230000000000
# log_Linf[1]:
4.30945594184
# log_k[1]:
-1.83258146375
# log_Lo[1]:
2.89037175790
# log_sdage[1]:
-2.40794560865
# mean_log_rec[1]:
9.60541537962
# steepness[1]:
0.650000000000
# log_Rzero[1]:
9.25850010466
# rec_dev:
 -0.443705606371 -0.517171099688 -0.597031854331 -0.684101198524 -0.776008240687 -0.868951845692 -0.837933186396 -0.843711525662 -0.692717678203 -0.635278312785 -0.551814802372 -0.385762916340 -0.420279414174 -0.371895189539 -0.325031902632 -0.123839550313 0.215640493847 0.387608808422 0.354186630231 0.392577048203 0.395425739456 0.436508664603 0.633155788956 0.784311328827 0.588647258279 1.07448369046 1.26428212241 0.668721419628 0.603147243938 0.778850000787 0.638322819461 0.721998124873 0.354732912416 0.385142324911 0.0364396388258 -0.0282368737708 0.241459896019 0.346634718622 0.648647131234 0.597222775912 0.764087604796 0.795451324739 0.381540153126 -0.00171992174785 -0.573073190605 -0.548927570289 -0.801567276585 -0.777254479969 -1.16030904458 -1.26777935069 -0.676265748983 -0.441777749837 -1.03048255325 -0.518712505302 -0.716771604584 -0.455454470493 -0.521145113846 -0.00308208615490 1.01735473557 0.0922300514590 -0.00225626397607
# log_sigmar[1]:
-0.510825623766
# fmort:
 0.0105235385742 0.0154921287224 0.00704137020261 0.00893457841726 0.0173005772738 0.0214092023330 0.0260819939014 0.0226584236428 0.0446534087727 0.0374115511795 0.0256614625361 0.0377968356285 0.0728720459462 0.0281681071105 0.0656253295076 0.0441936423908 0.00436000193335 0.0206709230140 0.0174956094079 0.0157836071135 0.0142613332766 0.0172907023889 0.0175787134391 0.0205489477957 0.0141213531751 0.0194328909346 0.0353180744928 0.0144602221933 0.00417611061168 0.00657621287114 0.00997672237157 0.0198278925403 0.00844466388486 0.0117823319542 0.0128909168669 0.0204361506608 0.0251891590194 0.0348402807485 0.0479295546719 0.0490542236776 0.0695568994269 0.0113102592202 0.00436528003061 0.00537800341606 0.00589040280019 0.00723553880929 0.00567897746300 0.00829792156729 0.00262760497496 0.00166357455316
 0.00133443559205 0.00204834211919 0.00313089389360 0.00519741161109 0.00374725418727 0.00679269471979 0.00882358092982 0.0129721231215 0.0210967836635 0.0262573450732 0.0240058685666 0.0481993939600 0.0668064625917 0.0542533087736 0.0722298508644 0.101661425436 0.113692459291 0.152594273689 0.210184372349 0.220848135863 0.224965763580 0.291854636373 0.395039182663 0.378344026709 0.478789907183 0.590643499944 0.540874839791 0.568448626065 0.352786934327 0.237358720297 0.178443697489 0.205990105231 0.199843583969 0.182920324104 0.179197947709 0.180158347249 0.192847361143 0.235509225298 0.202440655373 0.264399529894 0.145930965336 0.103441624092 0.0976198258380 0.0747567087762 0.0657042040834 0.0668251760880 0.0727995622241 0.0681459407232 0.0750506747344 0.0704452096224
 0.000202540151855 0.000377266923068 0.000836061825313 0.00179069680723 0.00539442759132 0.00156883908284 0.00186591066123 0.0161671978723 0.0106267273876 0.00857327720401 0.0104988482389 0.0105328697527 0.00340182159010 0.00252494397147 0.00345689471816 0.00189370011493 0.000736209574761 0.000674348245039 0.00378262811138 0.00490789436475 0.00584512236452 0.00350005384898 0.00189572545564 0.00285378989831 0.00535706063647 0.0183008880070 0.0206916595098 0.0286015977435 0.0162701765651 0.00648832178902 0.00814087516755 0.0219363674546 0.00398633194753 0.00721854781725 0.00701364870397 0.00375837763137 0.0158386965661 0.0184723137589 0.0143159092782 0.00790746970459 0.00262252685221 0.0272677664985 0.0119442486175 0.00511306353715 0.00445501820173 0.00152598379122 0.000925249107248 0.000445230815117 0.00156677861336 0.00234917410060
 1.87350135405e-13 2.00395255945e-13 0.000516869093622 2.16493489802e-13 2.20379270388e-13 2.23432383706e-13 3.28332617816e-06 0.000223884593490 0.00469169073245 0.0291449899692 0.0260653553484 0.0331678842122 0.0749424007548 0.0878656365886 0.115769584614 0.0933834587852 0.0884638352367 0.0916872599051 0.0943865639320 0.0803973749514 0.0680823163313 0.0432021082338 0.00369441938695 2.15660822533e-13 2.21767049169e-13 2.85327317329e-13 3.39728245535e-13 5.09037256791e-13 6.19504447741e-13 3.05963285985e-06 0.000614386942875 0.00446203419815 0.0137849171041 0.0264119167542 0.0460396249834 0.0384126161253 0.0574528523339 0.0873101205683 0.109266174903 0.144328671068 0.130400140313 0.0334199193017 0.0218501278707 0.0214864871511 0.0227549032574 0.0285600612145 0.0170990077649 0.0127320303101 0.00868179473378 0.00728741208109
# log_selcoffs_fsh[1]:
 -4.84887848762 -3.69400699618 -2.44029381534 -1.20250394427 -0.259770203512 0.523571338937 1.09137389404 0.879127704840 -0.310228607251
 -4.53175756619 -3.28317362961 -1.96457359264 -0.802052267307 -0.149871211013 0.472295513164 0.954451415140 0.791375655378 0.0907002401190
 -4.19843444944 -2.92005948998 -1.69608537302 -0.688281512843 0.00363154728058 0.546360617018 0.830194575219 0.659183002961 0.252810759020
 -3.82072790193 -2.42953145823 -1.27867588165 -0.507371811445 -0.0614948780049 0.396055200776 0.769829348001 0.682336347373 0.368335457395
 -3.62847365134 -2.15855624178 -0.739784144276 0.0272937134002 0.213256227542 0.324992830059 0.485495201975 0.490489214871 0.387469646178
 -3.47253935424 -2.12555096579 -0.833969224101 0.108274773254 0.512724630748 0.473358354976 0.353442278770 0.285946814113 0.239587866951
 -3.29197967725 -2.06108347016 -1.00691478165 -0.128787274808 0.583998051589 0.719159910047 0.405918748667 0.160416142698 0.0680481721252
 -3.09071108339 -1.83104103053 -0.915836813714 -0.153029322028 0.559369548136 0.780949245947 0.423377445826 0.107976268298 -0.0389980885462
 -2.92464617404 -1.62364447475 -0.489655371820 0.0764316200071 0.422878716675 0.621024160260 0.481712968767 0.129448696835 -0.0914094063097
 -2.75168032853 -1.30578849712 -0.129489376375 0.213317480238 0.435438537427 0.540062962528 0.342031150619 0.0295413943873 -0.163275453375
 -2.59068494320 -0.943503532290 0.528541410404 0.475932312752 0.285203813252 0.204524030000 0.0366363937504 -0.149481722165 -0.255724175314
 -2.42587121745 -0.676824306839 0.481530551724 0.529943387566 0.432964873348 0.180988078390 -0.116254892718 -0.287850796924 -0.348650247772
 -2.34891462923 -0.610665887157 0.540673303392 0.713429903816 0.399956566816 0.0402662980958 -0.257900747150 -0.414801024956 -0.450350958595
 -2.30996139355 -0.712595346555 0.541765014566 0.882401667317 0.377705592553 -0.0659561050326 -0.362946377812 -0.506259917848 -0.542737546931
 -2.48364030114 -0.886098385453 0.630527002595 0.933324793887 0.356817874309 -0.110952782427 -0.411848067608 -0.573871555977 -0.628806361555
 -2.46417844360 -0.905375405413 0.666851938707 0.837827317433 0.431869272571 -0.0326865984780 -0.390910209346 -0.588631696662 -0.670224305914
 -2.26357347632 -0.691330530520 0.753440412136 0.762777055730 0.355751306828 -0.0428823430187 -0.377342814984 -0.589708773826 -0.690854333780
 -1.90787751140 -0.384723660145 0.537756604370 0.798063194568 0.429324792638 -0.0333219584037 -0.378254343303 -0.592439847681 -0.700996950186
 -1.76070043373 -0.339623403459 0.825908000641 0.743559273663 0.222738300816 -0.161627230393 -0.452767231098 -0.649570356079 -0.754413004821
 -1.52036128163 -0.208247219212 0.802009992628 0.725915916953 0.254763524844 -0.186499742476 -0.501910659019 -0.699533365201 -0.797366627884
 -1.45316660421 -0.105658740683 0.873477641521 0.729280823261 0.182467707207 -0.269853831671 -0.590630027858 -0.779752954070 -0.864028058058
 -1.42102400630 -0.183730988733 0.669992003650 0.966860364339 0.297310185014 -0.356230202456 -0.712708938650 -0.879844865982 -0.939633439100
 -1.36287578364 0.0500304670535 0.911001644977 0.799085788177 0.138045460438 -0.448005036714 -0.805317585701 -0.961991829077 -1.00390022754
 -1.45708844633 -0.164903580576 0.867637534564 1.02534574627 0.0722911442139 -0.553318135675 -0.898430924735 -1.04651018606 -1.07470812941
 -1.51998063685 -0.153440562260 0.902277610736 0.986454715834 0.112678759270 -0.536626848416 -0.913466961002 -1.07877559067 -1.10419339385
 -1.48371912013 0.178883320127 0.738120240153 0.858174977934 0.237770116457 -0.343305749186 -0.813016085145 -1.02771743155 -1.05758067949
 -1.59978393796 -0.206319362786 0.602761034086 0.952210207509 0.354312955264 -0.175149095479 -0.659651544066 -0.907789786721 -0.965166711048
 -1.50815329899 -0.0213534729107 0.396714747522 0.801365569440 0.452499507467 -0.0334058261569 -0.480850093700 -0.733889619797 -0.806055902226
 -1.22218091276 0.184935644092 0.527317071564 0.583969144517 0.276753061280 -0.0719779546386 -0.383194694987 -0.576408543824 -0.650537849387
 -1.19009979314 -0.0112767657054 0.374173354929 0.776684809388 0.237858367346 -0.133506450590 -0.342783844792 -0.462349970979 -0.517789330957
 -1.02383782350 0.476090579904 0.509909457018 0.212495978182 0.00368273768054 -0.124703271440 -0.227502162242 -0.304025683662 -0.344880455061
 -1.02028880195 0.561362142573 0.169620427358 0.120090669949 0.0228797839459 -0.0477642814466 -0.101361015161 -0.149520188362 -0.183001905012
 -1.29042992906 -0.536513013895 -0.0535587293779 0.477302538186 0.366481260467 0.149981831466 0.0413337773781 -0.0129596541289 -0.0547665064471
 -1.65824272890 -0.909080518711 -0.279244203955 0.264012196584 0.315337597500 0.370446902464 0.262852916506 0.148166083421 0.0664318593197
 -1.60481466101 -0.783972614205 -0.334028681097 0.311882511210 0.316653850594 0.263214802621 0.223237588124 0.164422716360 0.146688882618
 -0.663485975507 -0.470377926576 -0.831552096532 -0.235065548960 0.0737597641187 0.328165315658 0.369159264095 0.316022251364 0.300951450833
# log_selcoffs_fsh[2]:
 -6.49912798188 -5.03937350405 -3.57224566763 -1.94361946842 -0.555757077322 0.345556494406 0.998657046807 1.13031910969 0.494104009905 -0.957063159205
 -6.41224431486 -4.95594410537 -3.45444854169 -2.02482139953 -0.848194604287 0.207502984289 0.984278383374 1.17160244525 0.511589264295 -0.514287447041
 -6.29389742251 -4.88403748212 -3.47534358727 -2.12368446101 -0.995370359550 0.0700333037139 0.938443507873 1.15166452157 0.599611290374 -0.154259648449
 -6.14306819374 -4.74944142579 -3.43149865367 -2.20083297558 -1.14474627216 -0.158741893138 0.791049509743 1.14961684528 0.748354031376 0.180998268455
 -5.99351870691 -4.53524692898 -3.21088986892 -2.15298034253 -1.28623130379 -0.391390759389 0.607299722484 1.09377458430 0.879577724848 0.498970243539
 -5.84828664684 -4.48871803501 -3.14986530956 -1.90764060882 -1.07662305926 -0.486177255491 0.287731622670 0.906833941632 1.00323121053 0.833746544729
 -5.71052263032 -4.44717713794 -3.22414406174 -2.07647597943 -1.07619557988 -0.324469778816 0.217128495139 0.688968855191 0.972108890825 1.05721298050
 -5.59890078760 -4.38229591196 -3.24574891898 -2.21289698046 -1.25226463847 -0.459693040107 0.210011175788 0.634268434141 0.940796209060 1.17458213021
 -5.52535431791 -4.28994201609 -3.13655886476 -2.18795432848 -1.39300494431 -0.621606741798 0.140694042924 0.693694414341 0.954614503471 1.19133943757
 -5.43440889105 -4.14777822809 -2.95075716284 -1.95795619411 -1.21045947895 -0.618105435787 -0.0577420429224 0.583512802485 0.980857707275 1.26593463751
 -5.35754606698 -3.96151681099 -2.62157016136 -1.53645954279 -0.870194690474 -0.430233169945 -0.0170646732443 0.406681809782 0.880494993902 1.31431385593
 -5.34111613341 -3.80997060774 -2.36796871016 -1.17171192591 -0.609730309768 -0.250641648242 0.00469234286088 0.370059867029 0.878486668157 1.22023281411
 -5.35412874937 -3.65055228679 -2.01984594673 -0.731473435340 -0.245325191540 0.0404175081237 0.164967014047 0.336680593816 0.714676818807 1.06765526661
 -5.38247906012 -3.48660639200 -1.67513441139 -0.477210313222 0.112261939389 0.241882775847 0.234967786176 0.327344067504 0.571549913457 0.850747611162
 -5.38574628978 -3.30789449874 -1.36132425711 -0.0896873527475 0.348623999254 0.312864742349 0.167658812268 0.223106423577 0.465833205507 0.682089576508
 -5.35422353600 -3.12778028905 -1.04830209919 0.0749592083218 0.331569177655 0.285792944654 0.172194914985 0.214613142942 0.419129855833 0.615826194408
 -5.33865553686 -3.07431645833 -0.933068300300 0.0737832323262 0.349470126074 0.323401980378 0.190314599712 0.195152946302 0.379036355575 0.583844654071
 -5.32980711967 -3.24489795054 -1.26369065316 0.0614840942012 0.473382076714 0.421615178059 0.215826180582 0.168016520655 0.326168666263 0.513321416242
 -5.29561873307 -3.36838905233 -1.53939832447 -0.179281526498 0.536599595440 0.503528798502 0.252863508039 0.174760500929 0.322769922208 0.522248234934
 -5.23006769002 -3.41425386736 -1.67494935748 -0.345665886342 0.325925786683 0.454305619475 0.288851959002 0.243478537730 0.431007277609 0.671365521216
 -5.19694635408 -3.50280791083 -1.89967144996 -0.575069830413 0.205548022377 0.464319672913 0.356880702834 0.277169315705 0.467201710986 0.736763400485
 -5.19896399695 -3.58844648794 -2.08305263975 -0.874767514438 0.00777967008481 0.491006205371 0.468594272733 0.361313748465 0.504968693929 0.738915928109
 -5.21844788424 -3.65716003707 -2.24185843772 -1.08325343985 -0.229195773882 0.475605678605 0.521940831479 0.446015862867 0.565340615114 0.747846173783
 -5.28915949519 -3.70980138641 -2.25843522849 -1.09280074872 -0.353604968494 0.235374935426 0.571396996804 0.545909983474 0.653114978626 0.763005113765
 -5.36533497492 -3.74144931040 -2.16204985101 -0.821244653949 -0.205296429562 0.0617530876540 0.353143630791 0.573742345599 0.700681415582 0.843706392819
 -5.47366597337 -3.79268377771 -2.24873789078 -0.919213880962 -0.160976986643 0.278914512538 0.369133964573 0.475070965134 0.655673566554 0.839344441890
 -5.68042141255 -3.96153920499 -2.26561248338 -0.849989676952 -0.0484124623649 0.433787516547 0.501533508286 0.465519232442 0.548473787220 0.680990761879
 -5.86416270492 -4.13819178044 -2.32140100203 -0.582837502833 0.128674633536 0.494663785325 0.483187306675 0.398663144373 0.531971087948 0.550514269080
 -6.01963869005 -4.32381251833 -2.59310813599 -0.903680428318 0.0551671928241 0.740084368754 0.612350875256 0.395639893534 0.492468967191 0.325828960395
 -6.15711454524 -4.42729435937 -2.74006042039 -1.08354444264 0.254714954210 0.863517913837 0.770133831963 0.404922953764 0.193843928714 0.0471151632554
 -6.22945689761 -4.40641257839 -2.58655232653 -0.924542893157 0.221661144718 0.833063176563 0.771108755166 0.418192687593 0.183200086352 0.0796479383746
 -6.25305223179 -4.31388120695 -2.38206373745 -0.718827131338 0.118837755450 0.469735433844 0.705934367910 0.578492427224 0.401058468295 0.319733975490
 -6.26480622546 -4.22899187234 -2.12335811260 -0.481226117423 -0.0185376672287 0.0879836462754 0.440382755617 0.691181563289 0.645051940943 0.540469615733
 -6.30785434838 -4.29537232631 -2.30663260711 -0.663523651572 0.0215300707605 0.350701222856 0.460477073508 0.596009990781 0.604111317065 0.529905730833
 -6.33470822172 -4.37636573823 -2.38322631840 -0.814072472897 -0.0795979297941 0.306091551754 0.580683974080 0.603883326430 0.585574561287 0.563190657905
 -6.34451772353 -4.54999885396 -2.73859610863 -0.998374315848 -0.0600778314014 0.388374100166 0.604099733505 0.652619497042 0.550464076976 0.503219402986
 -6.36049732696 -4.67368679192 -3.05159646797 -1.34219949493 -0.171626577294 0.394495973349 0.746001718697 0.687623600506 0.580295879072 0.385498631040
# log_selcoffs_fsh[3]:
 -0.916884194050 -0.100657068671 1.17375129380 0.427776221477 -0.682369508654 -1.41872543405 -1.71141976020
 -1.15643714505 -0.122865105049 1.19870141173 0.439590240682 -0.675869030723 -1.41306305718 -1.70913766262
 -0.589782521238 -0.164978203542 1.10895168981 0.453134001349 -0.612051206794 -1.34650622634 -1.65631580695
 -1.48247745327 -0.286680284883 1.23963462851 0.439501469140 -0.600889596968 -1.30868642517 -1.62256840232
 -1.87875137956 -0.204756634878 1.18052517919 0.493486557765 -0.473041321307 -1.19942709947 -1.54270748836
 -1.96753063494 -0.498744643546 0.974671455586 0.798714598842 -0.226640345322 -1.06158534944 -1.44048456176
 -1.68321817308 -0.426563082122 0.759303152133 0.931232039366 -0.135942339974 -1.00827745626 -1.38903466047
 -1.32067574695 0.566323722867 0.828789297235 0.335044616833 -0.372456959876 -1.05878276871 -1.39916456166
 -1.38936239056 0.638415000764 0.895330687946 0.219477359455 -0.485454794896 -1.12769401220 -1.49378438743
 -1.58916745284 0.313980413096 0.996971078354 0.478003068609 -0.483911243129 -1.22986502298 -1.63255089349
 -1.85082155734 -0.380742954981 0.900680123511 0.900441471935 -0.257931026219 -1.23043479148 -1.75585947912
 -1.81295149387 -0.340503243885 0.825662448353 0.935280652111 -0.178501273297 -1.22723793843 -1.80502315192
 -1.65863262022 -0.105300723449 1.01778964632 0.708369352940 -0.380694458716 -1.31995445756 -1.82471280964
 -1.42047506406 0.588033530276 0.995803509474 0.277005212839 -0.646932449253 -1.40814656997 -1.81009391120
 -1.47037049011 0.227316706612 1.18026902029 0.325459181929 -0.745602094830 -1.46942074545 -1.76896797002
 -1.47750869409 0.260525536866 1.25069217270 0.175561575187 -0.921717861732 -1.54902004675 -1.71916079049
 -1.27279085831 0.580873012590 1.11938521403 0.0772837712899 -0.980134492318 -1.51948182536 -1.63502389674
 -1.18739314295 0.633899479083 1.08796970120 0.00731391141442 -0.939079197730 -1.44602036907 -1.57039756891
 -0.698414514106 1.08241594807 0.646163792358 -0.210936180812 -0.963510099809 -1.41612477881 -1.56739252335
 -0.534103050556 1.20021779660 0.511256686637 -0.406964466483 -1.08938369974 -1.48384591915 -1.62595213163
 -0.322520199131 1.16400547124 0.572489310947 -0.472190151929 -1.21360341085 -1.60136020838 -1.72660894684
 -0.389939697576 1.14233842638 0.677655960113 -0.504151907032 -1.32197112705 -1.70231221660 -1.79174627089
 -0.211188346587 0.860443469086 0.980232022484 -0.535870859242 -1.43270659959 -1.77026832511 -1.78984424133
 -0.144755519520 1.07838557437 0.717752385010 -0.534738423790 -1.42327154391 -1.81035289656 -1.86644486739
 -0.335402405993 0.573241311244 1.09640083558 -0.0969814802762 -1.20818687484 -1.77644041555 -1.95180058456
 -0.0833513439543 0.705271066195 0.639535209617 0.294311460178 -0.734284061876 -1.58223779055 -2.02183897407
 -0.880275257775 0.761371371396 0.865331399440 0.165122033745 -0.627841426544 -1.45888799403 -2.09921190698
 -1.39345257485 0.269776753833 1.15258188689 0.371291621406 -0.688145874264 -1.55176967788 -2.19132812483
 -1.53967403270 0.0234883400743 1.24922079540 0.424595788026 -0.761823759176 -1.72734829415 -2.29643796556
 -1.47654085437 0.237260628227 0.825760076839 0.885196475416 -0.621833204150 -1.79469245361 -2.36885344831
 -1.42030543273 1.04764980707 0.754349546945 0.131567654913 -0.915795832555 -1.87733486634 -2.43750772087
 -1.64606542426 0.581322283387 1.21499937056 0.0754243991507 -1.04256758352 -1.97591295896 -2.53862729535
 -1.88956151815 -0.0968974984643 1.39714334684 0.289996642707 -1.02773334695 -2.04594916703 -2.60256659043
 -1.79400669332 -0.0455674939516 1.09750578737 0.813134938052 -0.855113276116 -2.05298332962 -2.61705658923
 -1.61342747586 0.109707388732 1.34875145976 0.264503711436 -1.09494374148 -2.10319453322 -2.61971166386
 -1.15977617898 1.11692759367 0.843841499412 -0.183791076773 -1.26171467677 -2.14259470091 -2.61618144802
 -1.06724835390 1.04460579870 0.959713898595 -0.265357482723 -1.38333971278 -2.18560873877 -2.62088560536
 -0.843003382295 1.07224673542 0.892500649460 -0.261902377593 -1.37178561754 -2.19739643342 -2.62985715873
 -0.792574209703 1.00724010867 0.919515753261 -0.157627397712 -1.32801567708 -2.19667879510 -2.64690581069
 -0.946739743505 0.586944931453 1.23445387797 -0.0691113542446 -1.32989491236 -2.21198674644 -2.66214253107
# log_selcoffs_fsh[4]:
 -5.96622993620 -4.81052988591 -3.63030297638 -2.39189236270 -1.10868085402 0.0891860451201 0.946034675128 1.12073421836 0.590819745507
 -5.95393507287 -4.79092167036 -3.59760579495 -2.30787460189 -0.975920755256 0.184008274608 0.954115037646 1.05707337965 0.592806866898
 -5.91908457117 -4.75205943909 -3.56310188968 -2.30743550658 -0.998424870371 0.164952091731 0.938785795169 1.06300191542 0.621163400329
 -5.85390116533 -4.67454686330 -3.49363435801 -2.28579964813 -1.03780982460 0.0984193644508 0.896634435553 1.07856268934 0.696279428026
 -5.78394928341 -4.57759453933 -3.38301874652 -2.20684937207 -1.00495283330 0.103882299022 0.861780338893 1.05274083286 0.758117447048
 -5.71215442251 -4.51872424966 -3.31413421885 -2.11208389701 -0.990160852479 0.0382415332805 0.815850622103 1.06724909621 0.810695746428
 -5.62307721106 -4.44234881635 -3.24681626601 -2.02876544720 -0.913635311240 0.0569126614428 0.787640640575 1.02814078249 0.858885686548
 -5.51050108522 -4.32040820874 -3.16282765845 -1.98997342519 -0.884116170901 0.0336280228802 0.742201739800 1.02549636741 0.903141833902
 -5.39555228255 -4.16128495179 -3.03115771432 -1.98611986113 -0.957933071463 -0.00696236791519 0.728833090679 1.01852283269 0.946191411219
 -5.28359972351 -4.05666640968 -2.87493019885 -1.79604207079 -0.874168264290 -0.0333685705519 0.643580696912 0.994794130529 1.01646266446
 -5.19571213395 -3.96853417312 -2.79142752040 -1.70031850278 -0.728807901547 0.0478245316257 0.616086250562 0.929827151010 1.03474601872
 -5.13642842009 -3.86956614437 -2.68504767806 -1.62782784581 -0.665688318249 0.137057079135 0.638776925525 0.890306739198 0.999832897519
 -5.08964545212 -3.73467413904 -2.47830179096 -1.46160726689 -0.635225888011 0.119331570317 0.669022449950 0.889062266851 0.960298287237
 -5.03506954186 -3.55575370572 -2.11404568247 -1.05510207926 -0.390402230327 0.125165413572 0.549195121625 0.834156778642 0.975004286187
 -4.96199226330 -3.40236805936 -1.86465646283 -0.719509909792 -0.145283724463 0.157998266580 0.433761992096 0.746290639957 0.966836347572
 -4.87036160147 -3.26183448021 -1.63977797547 -0.460050869703 -0.0662331540353 0.121783431443 0.366743974690 0.687552281048 0.967533017478
 -4.80776901131 -3.22817491486 -1.64431925962 -0.462000668447 -0.0530687318266 0.172915636050 0.391284375242 0.666388149091 0.942304229683
 -4.76039791219 -3.31334282535 -1.97932991469 -0.953585962206 -0.234983581270 0.348808366509 0.602725709167 0.697456244719 0.870386990648
 -4.67700335186 -3.34222674681 -2.12718027539 -1.17701428604 -0.437080091514 0.206255377328 0.611391746936 0.824310148343 0.928091242646
 -4.62634890081 -3.35565576955 -2.21398327226 -1.30138930081 -0.620657110201 0.0128103833497 0.609306442788 0.938861504747 0.965917646975
 -4.56760331045 -3.30071887526 -2.15399055963 -1.33173192467 -0.704527848323 -0.147640486111 0.461254167180 0.999273132094 1.06927571836
 -4.48250851265 -3.20346899242 -1.88756300159 -1.17432000254 -0.712780691234 -0.167693601160 0.358643145963 0.846894521941 1.22022045353
 -4.39555036366 -3.26427214227 -2.17344204630 -1.29303381284 -0.681197802412 -0.104087398678 0.352412750400 0.804707964689 1.25148351783
 -4.26811796661 -3.19049739910 -2.21089351200 -1.37076552039 -0.705646644008 -0.156251059896 0.296333878523 0.778551259067 1.31075111942
 -4.23584823725 -3.14604863317 -2.07538593157 -1.17268718966 -0.532556908134 0.0501576332839 0.461774911510 0.804499505677 1.11398177265
 -4.06180580032 -2.90305416801 -1.69582644935 -0.941512758815 -0.570294833046 -0.0843849929147 0.430787652096 0.833115608993 1.10891297254
 -3.80817536206 -2.71792395342 -1.62968900114 -0.871473102916 -0.454034503575 -0.0959048759224 0.356634125626 0.819967670515 1.11675462512
 -3.42509956846 -2.40675495051 -1.46640486858 -0.778168898474 -0.410154805445 -0.128331560289 0.150972616401 0.670704482915 1.26006715341
 -2.95527820806 -2.01380603982 -1.28907831956 -0.770190317733 -0.508385905679 -0.327625933165 0.0436172723849 0.612082281685 1.35197676957
 -3.14568732135 -2.29412063360 -1.22083050698 -0.562092951198 -0.417753063055 -0.340747285789 -0.0308762046148 0.641454840443 1.32242541972
 -3.16535981655 -2.23277453639 -1.29659863521 -0.671526834850 -0.436566906018 -0.297076104160 0.0544094242471 0.691183991468 1.28784027492
# log_sel_spl_fsh[1]:
 0.00000000000 0.00000000000 0.00000000000 0.00000000000
 0.00000000000 0.00000000000 0.00000000000 0.00000000000
 0.00000000000 0.00000000000 0.00000000000 0.00000000000
 0.00000000000 0.00000000000 0.00000000000 0.00000000000
 0.00000000000 0.00000000000 0.00000000000 0.00000000000
 0.00000000000 0.00000000000 0.00000000000 0.00000000000
 0.00000000000 0.00000000000 0.00000000000 0.00000000000
 0.00000000000 0.00000000000 0.00000000000 0.00000000000
 0.00000000000 0.00000000000 0.00000000000 0.00000000000
 0.00000000000 0.00000000000 0.00000000000 0.00000000000
 0.00000000000 0.00000000000 0.00000000000 0.00000000000
 0.00000000000 0.00000000000 0.00000000000 0.00000000000
 0.00000000000 0.00000000000 0.00000000000 0.00000000000
 0.00000000000 0.00000000000 0.00000000000 0.00000000000
 0.00000000000 0.00000000000 0.00000000000 0.00000000000
 0.00000000000 0.00000000000 0.00000000000 0.00000000000
 0.00000000000 0.00000000000 0.00000000000 0.00000000000
 0.00000000000 0.00000000000 0.00000000000 0.00000000000
 0.00000000000 0.00000000000 0.00000000000 0.00000000000
 0.00000000000 0.00000000000 0.00000000000 0.00000000000
 0.00000000000 0.00000000000 0.00000000000 0.00000000000
 0.00000000000 0.00000000000 0.00000000000 0.00000000000
 0.00000000000 0.00000000000 0.00000000000 0.00000000000
 0.00000000000 0.00000000000 0.00000000000 0.00000000000
 0.00000000000 0.00000000000 0.00000000000 0.00000000000
 0.00000000000 0.00000000000 0.00000000000 0.00000000000
 0.00000000000 0.00000000000 0.00000000000 0.00000000000
 0.00000000000 0.00000000000 0.00000000000 0.00000000000
 0.00000000000 0.00000000000 0.00000000000 0.00000000000
 0.00000000000 0.00000000000 0.00000000000 0.00000000000
 0.00000000000 0.00000000000 0.00000000000 0.00000000000
 0.00000000000 0.00000000000 0.00000000000 0.00000000000
 0.00000000000 0.00000000000 0.00000000000 0.00000000000
 0.00000000000 0.00000000000 0.00000000000 0.00000000000
 0.00000000000 0.00000000000 0.00000000000 0.00000000000
 0.00000000000 0.00000000000 0.00000000000 0.00000000000
# log_sel_spl_fsh[2]:
 0.00000000000 0.00000000000 0.00000000000 0.00000000000
 0.00000000000 0.00000000000 0.00000000000 0.00000000000
 0.00000000000 0.00000000000 0.00000000000 0.00000000000
 0.00000000000 0.00000000000 0.00000000000 0.00000000000
 0.00000000000 0.00000000000 0.00000000000 0.00000000000
 0.00000000000 0.00000000000 0.00000000000 0.00000000000
 0.00000000000 0.00000000000 0.00000000000 0.00000000000
 0.00000000000 0.00000000000 0.00000000000 0.00000000000
 0.00000000000 0.00000000000 0.00000000000 0.00000000000
 0.00000000000 0.00000000000 0.00000000000 0.00000000000
 0.00000000000 0.00000000000 0.00000000000 0.00000000000
 0.00000000000 0.00000000000 0.00000000000 0.00000000000
 0.00000000000 0.00000000000 0.00000000000 0.00000000000
 0.00000000000 0.00000000000 0.00000000000 0.00000000000
 0.00000000000 0.00000000000 0.00000000000 0.00000000000
 0.00000000000 0.00000000000 0.00000000000 0.00000000000
 0.00000000000 0.00000000000 0.00000000000 0.00000000000
 0.00000000000 0.00000000000 0.00000000000 0.00000000000
 0.00000000000 0.00000000000 0.00000000000 0.00000000000
 0.00000000000 0.00000000000 0.00000000000 0.00000000000
 0.00000000000 0.00000000000 0.00000000000 0.00000000000
 0.00000000000 0.00000000000 0.00000000000 0.00000000000
 0.00000000000 0.00000000000 0.00000000000 0.00000000000
 0.00000000000 0.00000000000 0.00000000000 0.00000000000
 0.00000000000 0.00000000000 0.00000000000 0.00000000000
 0.00000000000 0.00000000000 0.00000000000 0.00000000000
 0.00000000000 0.00000000000 0.00000000000 0.00000000000
 0.00000000000 0.00000000000 0.00000000000 0.00000000000
 0.00000000000 0.00000000000 0.00000000000 0.00000000000
 0.00000000000 0.00000000000 0.00000000000 0.00000000000
 0.00000000000 0.00000000000 0.00000000000 0.00000000000
 0.00000000000 0.00000000000 0.00000000000 0.00000000000
 0.00000000000 0.00000000000 0.00000000000 0.00000000000
 0.00000000000 0.00000000000 0.00000000000 0.00000000000
 0.00000000000 0.00000000000 0.00000000000 0.00000000000
 0.00000000000 0.00000000000 0.00000000000 0.00000000000
 0.00000000000 0.00000000000 0.00000000000 0.00000000000
# log_sel_spl_fsh[3]:
 0.00000000000 0.00000000000 0.00000000000 0.00000000000
 0.00000000000 0.00000000000 0.00000000000 0.00000000000
 0.00000000000 0.00000000000 0.00000000000 0.00000000000
 0.00000000000 0.00000000000 0.00000000000 0.00000000000
 0.00000000000 0.00000000000 0.00000000000 0.00000000000
 0.00000000000 0.00000000000 0.00000000000 0.00000000000
 0.00000000000 0.00000000000 0.00000000000 0.00000000000
 0.00000000000 0.00000000000 0.00000000000 0.00000000000
 0.00000000000 0.00000000000 0.00000000000 0.00000000000
 0.00000000000 0.00000000000 0.00000000000 0.00000000000
 0.00000000000 0.00000000000 0.00000000000 0.00000000000
 0.00000000000 0.00000000000 0.00000000000 0.00000000000
 0.00000000000 0.00000000000 0.00000000000 0.00000000000
 0.00000000000 0.00000000000 0.00000000000 0.00000000000
 0.00000000000 0.00000000000 0.00000000000 0.00000000000
 0.00000000000 0.00000000000 0.00000000000 0.00000000000
 0.00000000000 0.00000000000 0.00000000000 0.00000000000
 0.00000000000 0.00000000000 0.00000000000 0.00000000000
 0.00000000000 0.00000000000 0.00000000000 0.00000000000
 0.00000000000 0.00000000000 0.00000000000 0.00000000000
 0.00000000000 0.00000000000 0.00000000000 0.00000000000
 0.00000000000 0.00000000000 0.00000000000 0.00000000000
 0.00000000000 0.00000000000 0.00000000000 0.00000000000
 0.00000000000 0.00000000000 0.00000000000 0.00000000000
 0.00000000000 0.00000000000 0.00000000000 0.00000000000
 0.00000000000 0.00000000000 0.00000000000 0.00000000000
 0.00000000000 0.00000000000 0.00000000000 0.00000000000
 0.00000000000 0.00000000000 0.00000000000 0.00000000000
 0.00000000000 0.00000000000 0.00000000000 0.00000000000
 0.00000000000 0.00000000000 0.00000000000 0.00000000000
 0.00000000000 0.00000000000 0.00000000000 0.00000000000
 0.00000000000 0.00000000000 0.00000000000 0.00000000000
 0.00000000000 0.00000000000 0.00000000000 0.00000000000
 0.00000000000 0.00000000000 0.00000000000 0.00000000000
 0.00000000000 0.00000000000 0.00000000000 0.00000000000
 0.00000000000 0.00000000000 0.00000000000 0.00000000000
 0.00000000000 0.00000000000 0.00000000000 0.00000000000
 0.00000000000 0.00000000000 0.00000000000 0.00000000000
 0.00000000000 0.00000000000 0.00000000000 0.00000000000
 0.00000000000 0.00000000000 0.00000000000 0.00000000000
# log_sel_spl_fsh[4]:
 0.00000000000 0.00000000000 0.00000000000 0.00000000000
 0.00000000000 0.00000000000 0.00000000000 0.00000000000
 0.00000000000 0.00000000000 0.00000000000 0.00000000000
 0.00000000000 0.00000000000 0.00000000000 0.00000000000
 0.00000000000 0.00000000000 0.00000000000 0.00000000000
 0.00000000000 0.00000000000 0.00000000000 0.00000000000
 0.00000000000 0.00000000000 0.00000000000 0.00000000000
 0.00000000000 0.00000000000 0.00000000000 0.00000000000
 0.00000000000 0.00000000000 0.00000000000 0.00000000000
 0.00000000000 0.00000000000 0.00000000000 0.00000000000
 0.00000000000 0.00000000000 0.00000000000 0.00000000000
 0.00000000000 0.00000000000 0.00000000000 0.00000000000
 0.00000000000 0.00000000000 0.00000000000 0.00000000000
 0.00000000000 0.00000000000 0.00000000000 0.00000000000
 0.00000000000 0.00000000000 0.00000000000 0.00000000000
 0.00000000000 0.00000000000 0.00000000000 0.00000000000
 0.00000000000 0.00000000000 0.00000000000 0.00000000000
 0.00000000000 0.00000000000 0.00000000000 0.00000000000
 0.00000000000 0.00000000000 0.00000000000 0.00000000000
 0.00000000000 0.00000000000 0.00000000000 0.00000000000
 0.00000000000 0.00000000000 0.00000000000 0.00000000000
 0.00000000000 0.00000000000 0.00000000000 0.00000000000
 0.00000000000 0.00000000000 0.00000000000 0.00000000000
 0.00000000000 0.00000000000 0.00000000000 0.00000000000
 0.00000000000 0.00000000000 0.00000000000 0.00000000000
 0.00000000000 0.00000000000 0.00000000000 0.00000000000
 0.00000000000 0.00000000000 0.00000000000 0.00000000000
 0.00000000000 0.00000000000 0.00000000000 0.00000000000
 0.00000000000 0.00000000000 0.00000000000 0.00000000000
 0.00000000000 0.00000000000 0.00000000000 0.00000000000
 0.00000000000 0.00000000000 0.00000000000 0.00000000000
# logsel_slope_fsh[1]:
 0.00000000000 0.00000000000 0.00000000000 0.00000000000 0.00000000000 0.00000000000 0.00000000000 0.00000000000 0.00000000000 0.00000000000 0.00000000000 0.00000000000 0.00000000000 0.00000000000 0.00000000000 0.00000000000 0.00000000000 0.00000000000 0.00000000000 0.00000000000 0.00000000000 0.00000000000 0.00000000000 0.00000000000 0.00000000000 0.00000000000 0.00000000000 0.00000000000 0.00000000000 0.00000000000 0.00000000000 0.00000000000 0.00000000000 0.00000000000 0.00000000000 0.00000000000
# logsel_slope_fsh[2]:
 0.00000000000 0.00000000000 0.00000000000 0.00000000000 0.00000000000 0.00000000000 0.00000000000 0.00000000000 0.00000000000 0.00000000000 0.00000000000 0.00000000000 0.00000000000 0.00000000000 0.00000000000 0.00000000000 0.00000000000 0.00000000000 0.00000000000 0.00000000000 0.00000000000 0.00000000000 0.00000000000 0.00000000000 0.00000000000 0.00000000000 0.00000000000 0.00000000000 0.00000000000 0.00000000000 0.00000000000 0.00000000000 0.00000000000 0.00000000000 0.00000000000 0.00000000000 0.00000000000
# logsel_slope_fsh[3]:
 0.00000000000 0.00000000000 0.00000000000 0.00000000000 0.00000000000 0.00000000000 0.00000000000 0.00000000000 0.00000000000 0.00000000000 0.00000000000 0.00000000000 0.00000000000 0.00000000000 0.00000000000 0.00000000000 0.00000000000 0.00000000000 0.00000000000 0.00000000000 0.00000000000 0.00000000000 0.00000000000 0.00000000000 0.00000000000 0.00000000000 0.00000000000 0.00000000000 0.00000000000 0.00000000000 0.00000000000 0.00000000000 0.00000000000 0.00000000000 0.00000000000 0.00000000000 0.00000000000 0.00000000000 0.00000000000 0.00000000000
# logsel_slope_fsh[4]:
 0.00000000000 0.00000000000 0.00000000000 0.00000000000 0.00000000000 0.00000000000 0.00000000000 0.00000000000 0.00000000000 0.00000000000 0.00000000000 0.00000000000 0.00000000000 0.00000000000 0.00000000000 0.00000000000 0.00000000000 0.00000000000 0.00000000000 0.00000000000 0.00000000000 0.00000000000 0.00000000000 0.00000000000 0.00000000000 0.00000000000 0.00000000000 0.00000000000 0.00000000000 0.00000000000 0.00000000000
# sel50_fsh[1]:
 0.00000000000 0.00000000000 0.00000000000 0.00000000000 0.00000000000 0.00000000000 0.00000000000 0.00000000000 0.00000000000 0.00000000000 0.00000000000 0.00000000000 0.00000000000 0.00000000000 0.00000000000 0.00000000000 0.00000000000 0.00000000000 0.00000000000 0.00000000000 0.00000000000 0.00000000000 0.00000000000 0.00000000000 0.00000000000 0.00000000000 0.00000000000 0.00000000000 0.00000000000 0.00000000000 0.00000000000 0.00000000000 0.00000000000 0.00000000000 0.00000000000 0.00000000000
# sel50_fsh[2]:
 0.00000000000 0.00000000000 0.00000000000 0.00000000000 0.00000000000 0.00000000000 0.00000000000 0.00000000000 0.00000000000 0.00000000000 0.00000000000 0.00000000000 0.00000000000 0.00000000000 0.00000000000 0.00000000000 0.00000000000 0.00000000000 0.00000000000 0.00000000000 0.00000000000 0.00000000000 0.00000000000 0.00000000000 0.00000000000 0.00000000000 0.00000000000 0.00000000000 0.00000000000 0.00000000000 0.00000000000 0.00000000000 0.00000000000 0.00000000000 0.00000000000 0.00000000000 0.00000000000
# sel50_fsh[3]:
 0.00000000000 0.00000000000 0.00000000000 0.00000000000 0.00000000000 0.00000000000 0.00000000000 0.00000000000 0.00000000000 0.00000000000 0.00000000000 0.00000000000 0.00000000000 0.00000000000 0.00000000000 0.00000000000 0.00000000000 0.00000000000 0.00000000000 0.00000000000 0.00000000000 0.00000000000 0.00000000000 0.00000000000 0.00000000000 0.00000000000 0.00000000000 0.00000000000 0.00000000000 0.00000000000 0.00000000000 0.00000000000 0.00000000000 0.00000000000 0.00000000000 0.00000000000 0.00000000000 0.00000000000 0.00000000000 0.00000000000
# sel50_fsh[4]:
 0.00000000000 0.00000000000 0.00000000000 0.00000000000 0.00000000000 0.00000000000 0.00000000000 0.00000000000 0.00000000000 0.00000000000 0.00000000000 0.00000000000 0.00000000000 0.00000000000 0.00000000000 0.00000000000 0.00000000000 0.00000000000 0.00000000000 0.00000000000 0.00000000000 0.00000000000 0.00000000000 0.00000000000 0.00000000000 0.00000000000 0.00000000000 0.00000000000 0.00000000000 0.00000000000 0.00000000000
# logsel_p1_fsh[1]:
 0.00000000000 0.00000000000 0.00000000000 0.00000000000 0.00000000000 0.00000000000 0.00000000000 0.00000000000 0.00000000000 0.00000000000 0.00000000000 0.00000000000 0.00000000000 0.00000000000 0.00000000000 0.00000000000 0.00000000000 0.00000000000 0.00000000000 0.00000000000 0.00000000000 0.00000000000 0.00000000000 0.00000000000 0.00000000000 0.00000000000 0.00000000000 0.00000000000 0.00000000000 0.00000000000 0.00000000000 0.00000000000 0.00000000000 0.00000000000 0.00000000000 0.00000000000
# logsel_p1_fsh[2]:
 0.00000000000 0.00000000000 0.00000000000 0.00000000000 0.00000000000 0.00000000000 0.00000000000 0.00000000000 0.00000000000 0.00000000000 0.00000000000 0.00000000000 0.00000000000 0.00000000000 0.00000000000 0.00000000000 0.00000000000 0.00000000000 0.00000000000 0.00000000000 0.00000000000 0.00000000000 0.00000000000 0.00000000000 0.00000000000 0.00000000000 0.00000000000 0.00000000000 0.00000000000 0.00000000000 0.00000000000 0.00000000000 0.00000000000 0.00000000000 0.00000000000 0.00000000000 0.00000000000
# logsel_p1_fsh[3]:
 0.00000000000 0.00000000000 0.00000000000 0.00000000000 0.00000000000 0.00000000000 0.00000000000 0.00000000000 0.00000000000 0.00000000000 0.00000000000 0.00000000000 0.00000000000 0.00000000000 0.00000000000 0.00000000000 0.00000000000 0.00000000000 0.00000000000 0.00000000000 0.00000000000 0.00000000000 0.00000000000 0.00000000000 0.00000000000 0.00000000000 0.00000000000 0.00000000000 0.00000000000 0.00000000000 0.00000000000 0.00000000000 0.00000000000 0.00000000000 0.00000000000 0.00000000000 0.00000000000 0.00000000000 0.00000000000 0.00000000000
# logsel_p1_fsh[4]:
 0.00000000000 0.00000000000 0.00000000000 0.00000000000 0.00000000000 0.00000000000 0.00000000000 0.00000000000 0.00000000000 0.00000000000 0.00000000000 0.00000000000 0.00000000000 0.00000000000 0.00000000000 0.00000000000 0.00000000000 0.00000000000 0.00000000000 0.00000000000 0.00000000000 0.00000000000 0.00000000000 0.00000000000 0.00000000000 0.00000000000 0.00000000000 0.00000000000 0.00000000000 0.00000000000 0.00000000000
# sel_p2_fsh[1]:
 0.00000000000 0.00000000000 0.00000000000 0.00000000000 0.00000000000 0.00000000000 0.00000000000 0.00000000000 0.00000000000 0.00000000000 0.00000000000 0.00000000000 0.00000000000 0.00000000000 0.00000000000 0.00000000000 0.00000000000 0.00000000000 0.00000000000 0.00000000000 0.00000000000 0.00000000000 0.00000000000 0.00000000000 0.00000000000 0.00000000000 0.00000000000 0.00000000000 0.00000000000 0.00000000000 0.00000000000 0.00000000000 0.00000000000 0.00000000000 0.00000000000 0.00000000000
# sel_p2_fsh[2]:
 0.00000000000 0.00000000000 0.00000000000 0.00000000000 0.00000000000 0.00000000000 0.00000000000 0.00000000000 0.00000000000 0.00000000000 0.00000000000 0.00000000000 0.00000000000 0.00000000000 0.00000000000 0.00000000000 0.00000000000 0.00000000000 0.00000000000 0.00000000000 0.00000000000 0.00000000000 0.00000000000 0.00000000000 0.00000000000 0.00000000000 0.00000000000 0.00000000000 0.00000000000 0.00000000000 0.00000000000 0.00000000000 0.00000000000 0.00000000000 0.00000000000 0.00000000000 0.00000000000
# sel_p2_fsh[3]:
 0.00000000000 0.00000000000 0.00000000000 0.00000000000 0.00000000000 0.00000000000 0.00000000000 0.00000000000 0.00000000000 0.00000000000 0.00000000000 0.00000000000 0.00000000000 0.00000000000 0.00000000000 0.00000000000 0.00000000000 0.00000000000 0.00000000000 0.00000000000 0.00000000000 0.00000000000 0.00000000000 0.00000000000 0.00000000000 0.00000000000 0.00000000000 0.00000000000 0.00000000000 0.00000000000 0.00000000000 0.00000000000 0.00000000000 0.00000000000 0.00000000000 0.00000000000 0.00000000000 0.00000000000 0.00000000000 0.00000000000
# sel_p2_fsh[4]:
 0.00000000000 0.00000000000 0.00000000000 0.00000000000 0.00000000000 0.00000000000 0.00000000000 0.00000000000 0.00000000000 0.00000000000 0.00000000000 0.00000000000 0.00000000000 0.00000000000 0.00000000000 0.00000000000 0.00000000000 0.00000000000 0.00000000000 0.00000000000 0.00000000000 0.00000000000 0.00000000000 0.00000000000 0.00000000000 0.00000000000 0.00000000000 0.00000000000 0.00000000000 0.00000000000 0.00000000000
# logsel_p3_fsh[1]:
 0.00000000000 0.00000000000 0.00000000000 0.00000000000 0.00000000000 0.00000000000 0.00000000000 0.00000000000 0.00000000000 0.00000000000 0.00000000000 0.00000000000 0.00000000000 0.00000000000 0.00000000000 0.00000000000 0.00000000000 0.00000000000 0.00000000000 0.00000000000 0.00000000000 0.00000000000 0.00000000000 0.00000000000 0.00000000000 0.00000000000 0.00000000000 0.00000000000 0.00000000000 0.00000000000 0.00000000000 0.00000000000 0.00000000000 0.00000000000 0.00000000000 0.00000000000
# logsel_p3_fsh[2]:
 0.00000000000 0.00000000000 0.00000000000 0.00000000000 0.00000000000 0.00000000000 0.00000000000 0.00000000000 0.00000000000 0.00000000000 0.00000000000 0.00000000000 0.00000000000 0.00000000000 0.00000000000 0.00000000000 0.00000000000 0.00000000000 0.00000000000 0.00000000000 0.00000000000 0.00000000000 0.00000000000 0.00000000000 0.00000000000 0.00000000000 0.00000000000 0.00000000000 0.00000000000 0.00000000000 0.00000000000 0.00000000000 0.00000000000 0.00000000000 0.00000000000 0.00000000000 0.00000000000
# logsel_p3_fsh[3]:
 0.00000000000 0.00000000000 0.00000000000 0.00000000000 0.00000000000 0.00000000000 0.00000000000 0.00000000000 0.00000000000 0.00000000000 0.00000000000 0.00000000000 0.00000000000 0.00000000000 0.00000000000 0.00000000000 0.00000000000 0.00000000000 0.00000000000 0.00000000000 0.00000000000 0.00000000000 0.00000000000 0.00000000000 0.00000000000 0.00000000000 0.00000000000 0.00000000000 0.00000000000 0.00000000000 0.00000000000 0.00000000000 0.00000000000 0.00000000000 0.00000000000 0.00000000000 0.00000000000 0.00000000000 0.00000000000 0.00000000000
# logsel_p3_fsh[4]:
 0.00000000000 0.00000000000 0.00000000000 0.00000000000 0.00000000000 0.00000000000 0.00000000000 0.00000000000 0.00000000000 0.00000000000 0.00000000000 0.00000000000 0.00000000000 0.00000000000 0.00000000000 0.00000000000 0.00000000000 0.00000000000 0.00000000000 0.00000000000 0.00000000000 0.00000000000 0.00000000000 0.00000000000 0.00000000000 0.00000000000 0.00000000000 0.00000000000 0.00000000000 0.00000000000 0.00000000000
# rec_dev_future:
 0.00000000000 0.00000000000 0.00000000000 0.00000000000 0.00000000000 0.00000000000 0.00000000000 0.00000000000 0.00000000000 0.00000000000 0.00000000000 0.00000000000 0.00000000000 0.00000000000 0.00000000000 0.00000000000 0.00000000000 0.00000000000 0.00000000000 0.00000000000
# log_q_ind[1]:
-0.0936956347004
# log_q_ind[2]:
-3.16191447751
# log_q_ind[3]:
-9.58064425908
# log_q_ind[4]:
-0.737856899894
# log_q_ind[5]:
-6.19919270821
# log_q_ind[6]:
-8.43088100152
# log_q_ind[7]:
-1.11621025235
# log_q_power_ind[1]:
0.00000000000
# log_q_power_ind[2]:
0.00000000000
# log_q_power_ind[3]:
0.00000000000
# log_q_power_ind[4]:
0.00000000000
# log_q_power_ind[5]:
0.00000000000
# log_q_power_ind[6]:
0.00000000000
# log_q_power_ind[7]:
0.00000000000
# log_rw_q_ind[1]:
 -1.19967026416
# log_rw_q_ind[3]:
 -0.354249584312
# log_selcoffs_ind[1]:
 -3.24241796689 -2.08813128222 -0.984680919681 -0.133950029329 0.315458424237 0.469636606714 0.434818715651 0.348338734517 0.291274535191 0.276868223569
 -3.18078789824 -2.27321905244 -1.39790824463 -0.598264430523 0.0526809657747 0.463430829378 0.583851075348 0.522891734587 0.415746507633 0.350408380349
# log_selcoffs_ind[2]:
 -0.590541080433 -0.0856867255662 0.217025567858 0.289227710727 0.143094821485 -0.00543558172488 -0.0700045829707 -0.0604937187457 -0.0365128458795 -0.0365957616374
 -0.0337971998945 0.105995192470 0.152513611124 0.186775290693 0.145187704408 0.0403845009497 -0.0831636471368 -0.177076898331 -0.221761290552 -0.229650781999
 0.313245656457 0.225905470462 0.206567573441 0.182957372249 0.0815436087062 -0.0691540264210 -0.208895000811 -0.311016953302 -0.362906174579 -0.370347700750
# log_selcoffs_ind[3]:
 -0.202940821038 0.0202027052767 0.0202027052767 0.0202027052767 0.0202027052767 0.0202027052767 0.0202027052767 0.0202027052767 0.0202027052767 0.0202027052767
# log_selcoffs_ind[4]:
 -2.63564831980 -1.63131567554 -0.764920905496 -0.216277829520 0.0159200207012 0.159958245345 0.289836070128 0.412851539062 0.508747194475 0.566295572153
 -3.25383112807 -2.37201583076 -1.50964700896 -0.768815559926 -0.212064740929 0.186486287617 0.450244065273 0.608808968607 0.640826068221 0.623061299486
# log_selcoffs_ind[5]:
 -3.04452005677 -0.669616569639 0.101782682789 0.174353368097 0.174353368097 0.174353368097 0.174353368097 0.174353368097 0.174353368097 0.174353368097
# log_selcoffs_ind[6]:
 -3.04452005677 -0.669616569639 0.101782682789 0.174353368097 0.174353368097 0.174353368097 0.174353368097 0.174353368097 0.174353368097 0.174353368097
# log_selcoffs_ind[7]:
 -3.04452005677 -0.669616569639 0.101782682789 0.174353368097 0.174353368097 0.174353368097 0.174353368097 0.174353368097 0.174353368097 0.174353368097
# logsel_slope_ind[1]:
 0.00000000000 0.00000000000
# logsel_slope_ind[2]:
 0.00000000000 0.00000000000 0.00000000000
# logsel_slope_ind[3]:
 0.00000000000
# logsel_slope_ind[4]:
 0.00000000000 0.00000000000
# logsel_slope_ind[5]:
 0.00000000000
# logsel_slope_ind[6]:
 0.00000000000
# logsel_slope_ind[7]:
 0.00000000000
# sel50_ind[1]:
 0.00000000000 0.00000000000
# sel50_ind[2]:
 0.00000000000 0.00000000000 0.00000000000
# sel50_ind[3]:
 0.00000000000
# sel50_ind[4]:
 0.00000000000 0.00000000000
# sel50_ind[5]:
 0.00000000000
# sel50_ind[6]:
 0.00000000000
# sel50_ind[7]:
 0.00000000000
# logsel_p1_ind[1]:
 0.00000000000 0.00000000000
# logsel_p1_ind[2]:
 0.00000000000 0.00000000000 0.00000000000
# logsel_p1_ind[3]:
 0.00000000000
# logsel_p1_ind[4]:
 0.00000000000 0.00000000000
# logsel_p1_ind[5]:
 0.00000000000
# logsel_p1_ind[6]:
 0.00000000000
# logsel_p1_ind[7]:
 0.00000000000
# sel_p2_ind[1]:
 0.00000000000 0.00000000000
# sel_p2_ind[2]:
 0.00000000000 0.00000000000 0.00000000000
# sel_p2_ind[3]:
 0.00000000000
# sel_p2_ind[4]:
 0.00000000000 0.00000000000
# sel_p2_ind[5]:
 0.00000000000
# sel_p2_ind[6]:
 0.00000000000
# sel_p2_ind[7]:
 0.00000000000
# logsel_p3_ind[1]:
 0.00000000000 0.00000000000
# logsel_p3_ind[2]:
 0.00000000000 0.00000000000 0.00000000000
# logsel_p3_ind[3]:
 0.00000000000
# logsel_p3_ind[4]:
 0.00000000000 0.00000000000
# logsel_p3_ind[5]:
 0.00000000000
# logsel_p3_ind[6]:
 0.00000000000
# logsel_p3_ind[7]:
 0.00000000000
