# Number of parameters = 1535 Objective function value = 1308.41787192197  Maximum gradient component = 0.0834212404655594
# Mest[1]:
0.230000000000
# log_Linf[1]:
4.30945594184
# log_k[1]:
-1.83258146375
# log_Lo[1]:
2.89037175790
# log_sdage[1]:
-2.40794560865
# mean_log_rec[1]:
9.55430936726
# steepness[1]:
0.650000000000
# log_Rzero[1]:
9.25262519841
# rec_dev:
 -0.436286102352 -0.508902244919 -0.587880224470 -0.674056366102 -0.764965805025 -0.856833534514 -0.823890478628 -0.828108687872 -0.674476616934 -0.612697813971 -0.524368226624 -0.354143303603 -0.385278074991 -0.333541641279 -0.284163410836 -0.0798237151424 0.263297796303 0.436884049442 0.403913660704 0.443381208107 0.447906028624 0.491050418678 0.689351111322 0.840855802792 0.643546277231 1.12644865191 1.31417910057 0.717906015225 0.656507262262 0.832503678849 0.689410860425 0.772909286913 0.404090741504 0.433688380976 0.0827540967184 0.0152277124027 0.281282731917 0.379140948092 0.678707614452 0.630001127936 0.799360079320 0.831822371829 0.419707222324 0.0451634490183 -0.520138869536 -0.492099316100 -0.757434411982 -0.720399007988 -1.09180360579 -1.16682920259 -0.495223012452 -0.191509843430 -0.830732774569 -0.292908487999 -0.580655686521 -0.314718937603 -0.447596058364 -0.0363158808791 -0.215329171906
# log_sigmar[1]:
-0.510825623766
# fmort:
 0.0108074542809 0.0159340006707 0.00724912206979 0.00919906333034 0.0177973391759 0.0219903178707 0.0267414035252 0.0231818027422 0.0456087740878 0.0381560326988 0.0261115839136 0.0383703041986 0.0739185406367 0.0285430994477 0.0665487371128 0.0447534906871 0.00440943914053 0.0208602236166 0.0176079030146 0.0158592653875 0.0143146845703 0.0173386744190 0.0176172332925 0.0206016132143 0.0141702968481 0.0195404009851 0.0356443712677 0.0146930471213 0.00427955024787 0.00677006323297 0.0102745017621 0.0203917553775 0.00867405846392 0.0120685782994 0.0131523645197 0.0207629165712 0.0256223536060 0.0355361225936 0.0491552194226 0.0506256950443 0.0709909385088 0.0108047628921 0.00391294850041 0.00469161808727 0.00500058019171 0.00577882447158 0.00439984066993 0.00673271816558
 0.00137501441277 0.00211247149391 0.00323035618991 0.00536014011522 0.00385960912327 0.00698256421145 0.00904745846236 0.0132720335479 0.0215398350965 0.0267720284762 0.0244240480562 0.0489268233818 0.0677244804069 0.0549826609158 0.0733681652293 0.103464103769 0.116001265677 0.155821569842 0.214582196574 0.225336318039 0.229198302567 0.296503681394 0.401433292604 0.384801072454 0.487360919762 0.602318380299 0.551848372997 0.582640020438 0.364757559454 0.249169867013 0.193315300552 0.226465119468 0.222453687682 0.204347591819 0.199269854528 0.199108216597 0.212241499736 0.262731430119 0.230764737752 0.310817410674 0.181338890000 0.129568499551 0.114846532002 0.0856151696583 0.0758775567634 0.0769098596251 0.0785152281208 0.0700495535103
 0.000209170693883 0.000388309096181 0.000858072656367 0.00183069304272 0.00549888033406 0.00159519875601 0.00188781119802 0.0162988198261 0.0106826541981 0.00860035616104 0.0105173414316 0.0105322306482 0.00339402044337 0.00251011680989 0.00342902986977 0.00187527446799 0.000729050381105 0.000668037025897 0.00375136525053 0.00487878895989 0.00581770509958 0.00348109855456 0.00188703020050 0.00284339650295 0.00534843414859 0.0183164240986 0.0207772305354 0.0287156098161 0.0163709378271 0.00652762692376 0.00818694785518 0.0220169510935 0.00395376260868 0.00712633018951 0.00692609804579 0.00369525899827 0.0156917113827 0.0184386334373 0.0143036409615 0.00781673161044 0.00246408670029 0.0240784798803 0.0100222446724 0.00437776047231 0.00382995708773 0.00139615140881 0.000889140095484 0.000489860970280
 1.93178806285e-13 2.05391259556e-13 0.000530936327390 2.22044604925e-13 2.26207941267e-13 2.29816166097e-13 3.37846269877e-06 0.000230215210261 0.00482072852847 0.0299452259889 0.0267485879148 0.0340050138374 0.0768129573387 0.0902857323977 0.119155401272 0.0961383372625 0.0910218982392 0.0940133130309 0.0963313184378 0.0818543092859 0.0692690719893 0.0439647528695 0.00375276576083 2.13995487996e-13 2.25097718243e-13 2.90323320939e-13 3.52495810318e-13 5.17919040988e-13 6.40043573696e-13 3.20859108061e-06 0.000655671957415 0.00484981638387 0.0151616253446 0.0291465691796 0.0506822168344 0.0421058014288 0.0632164016852 0.0980692888221 0.127287624531 0.175740595222 0.174938775688 0.0469472732539 0.0307239063401 0.0288033198981 0.0300187700247 0.0359107844174 0.0198513771612 0.0130086017015
# log_selcoffs_fsh[1]:
 -4.85982194630 -3.70612906815 -2.45280059740 -1.21396534204 -0.269078440222 0.517286356466 1.08982494140 0.885119903220 -0.292995699355
 -4.54029866953 -3.29263149437 -1.97484666282 -0.812593947385 -0.159577805453 0.465022859718 0.952544073391 0.797739661505 0.106446963785
 -4.20527682673 -2.92739762743 -1.70427886437 -0.697396940992 -0.00554138257119 0.539223611212 0.828707014105 0.665744919897 0.267213866634
 -3.82636047863 -2.43511693879 -1.28481861911 -0.514847299630 -0.0699569541259 0.388755272400 0.767660968465 0.688016633307 0.381355669578
 -3.63331373061 -2.16302555174 -0.744066197858 0.0221571485940 0.206889121163 0.318993491054 0.483524656184 0.496225420747 0.399536737412
 -3.47726388806 -2.12997129249 -0.837722468337 0.104980759026 0.508964486282 0.469774088128 0.352575753220 0.290690629828 0.249672347740
 -3.29640346526 -2.06548729222 -1.01092754914 -0.131741608796 0.581804803977 0.717266776824 0.405754592268 0.164152870699 0.0759046026884
 -3.09437310216 -1.83481603783 -0.919712513484 -0.156352251107 0.557445655680 0.780054475913 0.423756839033 0.111250705253 -0.0325237360329
 -2.92729074478 -1.62644343311 -0.492656887877 0.0732217955446 0.420406725708 0.620338057841 0.482712565718 0.132881747304 -0.0854008899833
 -2.75333118955 -1.30755168001 -0.131510113952 0.210912857708 0.432942645620 0.539067607920 0.343301868154 0.0333602874563 -0.157220390885
 -2.59151630718 -0.944416522939 0.527396351729 0.474151551485 0.283220943253 0.203389773053 0.0377101413160 -0.145591980157 -0.249573415617
 -2.42610987214 -0.677067609424 0.481017735219 0.528549273924 0.431015596047 0.179793730401 -0.115471225606 -0.284188401617 -0.342539377921
 -2.34892988698 -0.610697662988 0.540224634776 0.712236460331 0.398274077430 0.0391469492045 -0.257033862563 -0.411205330347 -0.444334427527
 -2.31043840071 -0.712847732267 0.540737281188 0.881145166530 0.376672944035 -0.0662968045215 -0.361593920310 -0.502402849157 -0.536689664131
 -2.48611752399 -0.887396792571 0.628981739581 0.931924360841 0.356444139802 -0.110237994000 -0.409639284756 -0.569672844782 -0.622712552909
 -2.47034840023 -0.909244446312 0.664377061031 0.836190309378 0.432132104051 -0.0307887413194 -0.387484139607 -0.583591238954 -0.663773636043
 -2.27367672776 -0.698620617037 0.749465005354 0.761467797538 0.357231126825 -0.0394606817453 -0.372384271323 -0.583450736267 -0.683635744298
 -1.92131794019 -0.394735373754 0.531606668851 0.796684254677 0.432086517354 -0.0281155929001 -0.371554645865 -0.584734098971 -0.692686669969
 -1.77729993180 -0.350755797523 0.820368144786 0.742705511510 0.226709183765 -0.154942208641 -0.444473580416 -0.640522205381 -0.745090154737
 -1.54051164188 -0.220884787198 0.795945890712 0.725560792925 0.259622571432 -0.178408872707 -0.492139109421 -0.689215047281 -0.787094553885
 -1.47705881391 -0.120350809580 0.867581553496 0.730021937783 0.188904894275 -0.260193831250 -0.579487856537 -0.768468574362 -0.853139379398
 -1.44892968692 -0.201194335177 0.662120755503 0.967628996818 0.305179369259 -0.344706048401 -0.700097473626 -0.867800367502 -0.928566118614
 -1.39537752367 0.0310465716665 0.903334537362 0.802641013953 0.149531824795 -0.433308847880 -0.790183238609 -0.948494183162 -0.992237893936
 -1.49860414323 -0.186227565903 0.859581426868 1.02817264447 0.0849407641757 -0.537114175980 -0.882040123115 -1.03250525258 -1.06359263966
 -1.57710658854 -0.183598200147 0.894984401021 0.991723175394 0.126353651879 -0.518483622558 -0.895550385960 -1.06470250344 -1.09462450306
 -1.56112868835 0.134342848656 0.725919241163 0.871714911087 0.261391762783 -0.318855590119 -0.793472320954 -1.01641214300 -1.05326024968
 -1.69817465333 -0.272228568263 0.573556423522 0.961606515278 0.392129992827 -0.137249212885 -0.635989794897 -0.902093547377 -0.973320923121
 -1.61248919729 -0.111197169369 0.354135406041 0.809778832417 0.506457080415 0.0212006119923 -0.450784278924 -0.734585103865 -0.830510901331
 -1.28562642283 0.112441039617 0.488023625698 0.603912149032 0.335236918676 -0.0148951450131 -0.354192942393 -0.583737846675 -0.686914653682
 -1.20825579254 -0.0320170927939 0.348851170942 0.785196436986 0.280935490074 -0.0943833643429 -0.333146291387 -0.492333715252 -0.579193347295
 -1.00013944515 0.496220536130 0.531808014218 0.230040657310 0.0291449814442 -0.112316957766 -0.251653156050 -0.372374267017 -0.447746503455
 -0.985921093332 0.629596327964 0.234245430445 0.182198042570 0.0427104073331 -0.0706772252148 -0.174136324069 -0.273491716490 -0.342566408383
 -1.28288454184 -0.441579893011 0.0910079430912 0.617676743442 0.423708123508 0.101145053730 -0.0842461785511 -0.200272813724 -0.276957346508
 -1.75764836157 -0.810015283133 -0.0617283720015 0.613352132351 0.428789277743 0.276742757846 0.0683168958806 -0.127648198805 -0.234637689886
# log_selcoffs_fsh[2]:
 -6.51747704071 -5.05705076171 -3.58889147480 -1.95841237186 -0.567947437055 0.336519360572 0.994351857912 1.13303254420 0.505088067221 -0.937687253551
 -6.42941318950 -4.97244271882 -3.47044401486 -2.04037814167 -0.862801213098 0.195206124590 0.977188638541 1.17376944859 0.524959796930 -0.492151108282
 -6.30967883063 -4.89898659393 -3.48999483727 -2.13881787215 -1.01092643243 0.0555498358899 0.928422579287 1.15199883752 0.613861596129 -0.129140956560
 -6.15748912783 -4.76268858748 -3.44418575098 -2.21412380260 -1.15935097416 -0.173929365179 0.778006262482 1.14582561655 0.761135897537 0.208024272271
 -6.00799304757 -4.54826544950 -3.22271525749 -2.16476351740 -1.29899549217 -0.405000567436 0.594467075102 1.08719595807 0.887834408050 0.521573906166
 -5.86307800523 -4.50198586804 -3.16166043613 -1.91855986000 -1.08799207474 -0.498671186082 0.275045384486 0.897898846517 1.00687459442 0.852116354595
 -5.72586998593 -4.46095399438 -3.23648767309 -2.08746269432 -1.08665208841 -0.335664447383 0.205036871980 0.679362426376 0.972895964897 1.07291607377
 -5.61505692666 -4.39656971295 -3.25851386014 -2.22434425798 -1.26248285403 -0.469712974077 0.199309390412 0.624676842330 0.939484570598 1.18859233333
 -5.54307379834 -4.30521093305 -3.14990402042 -2.19997892738 -1.40382254068 -0.631267808135 0.131607565831 0.685965051996 0.953329529514 1.20317401919
 -5.45375931004 -4.16388446797 -2.96447093946 -1.97046436062 -1.22213328377 -0.628267823924 -0.0666730094280 0.576512281878 0.979929293862 1.27577826061
 -5.37773512223 -3.97738325233 -2.63445403160 -1.54856929064 -0.882390679493 -0.442030530963 -0.0272038292455 0.399192749295 0.879263161439 1.32519175644
 -5.36297341931 -3.82605669145 -2.37998134535 -1.18317403081 -0.622343406026 -0.263186520634 -0.00635467999125 0.362978142992 0.879128398419 1.23235826000
 -5.37808099304 -3.66693738583 -2.03076810250 -0.740698867433 -0.256692019382 0.0275289788980 0.154028306873 0.330925457636 0.717961950438 1.08223392436
 -5.41005803488 -3.50413611204 -1.68553568111 -0.484609026164 0.104929209345 0.232122134167 0.224555433421 0.322465397250 0.576742080389 0.866993391773
 -5.41898842807 -3.32817834616 -1.37176142825 -0.0963701367197 0.343698438095 0.307060791230 0.158905731570 0.218149475032 0.471712550150 0.697939681681
 -5.39382185117 -3.15302272286 -1.06069161399 0.0686947658445 0.324277132104 0.276649792466 0.164103627920 0.211590229620 0.426910169803 0.635083177865
 -5.38302160429 -3.10929632809 -0.957089908779 0.0547579513665 0.331712399880 0.305053641828 0.179434066977 0.198479110738 0.398432646941 0.617806816492
 -5.37411078148 -3.29079889589 -1.31653990105 0.00389806949955 0.424707033831 0.391596082879 0.208660255914 0.185208258645 0.370995872398 0.583900679253
 -5.34496600715 -3.42221013646 -1.59920043009 -0.242921897887 0.477415935523 0.462507482779 0.237401448213 0.191200506047 0.377325921403 0.609336352090
 -5.28482822818 -3.47177454261 -1.73597626059 -0.408986906058 0.263972407611 0.401747149714 0.255989813583 0.243763136739 0.478635961007 0.763205076550
 -5.25923458221 -3.56393485868 -1.95949582766 -0.633613134388 0.149044426126 0.412000492109 0.316699610872 0.264214600475 0.504370231795 0.830023888697
 -5.27224589740 -3.65602377484 -2.14325888009 -0.927713974982 -0.0403548484147 0.446256949930 0.430370103087 0.342753098630 0.532558769564 0.825696227461
 -5.30378184840 -3.73342429934 -2.30578895030 -1.13271549249 -0.270100006996 0.438300455480 0.489050426157 0.427520646236 0.584827055504 0.822862033013
 -5.38780095855 -3.79811562650 -2.33001551729 -1.14337445846 -0.388124781985 0.207771091937 0.547829012372 0.531320615944 0.666712076425 0.819438695122
 -5.47275082879 -3.84205662353 -2.24292065045 -0.872679428583 -0.242708472662 0.0335403425634 0.333499503218 0.567087780610 0.711918271035 0.889904359096
 -5.58326201201 -3.90697648275 -2.34709521457 -0.976852695264 -0.189638461119 0.248572906805 0.341853587024 0.464007473946 0.675314457932 0.888675143135
 -5.78666824235 -4.09345922394 -2.39610746979 -0.935615549131 -0.0695325653749 0.427584635270 0.476073746654 0.448983066975 0.563777668221 0.740363404128
 -5.94894036520 -4.28059998665 -2.48953073071 -0.725981876150 0.0493861046118 0.472134891428 0.471357077293 0.387953071227 0.570752066090 0.650758547360
 -6.06228999014 -4.46161160219 -2.79457627074 -1.10277908903 -0.0921639443473 0.663999631057 0.598130271376 0.411732959927 0.564664699682 0.501703689389
 -6.16516019815 -4.55011703005 -2.96038553164 -1.32856152407 0.0862285114482 0.789871199365 0.775922091248 0.455464567391 0.309266679325 0.235531600003
 -6.15635984252 -4.46190913714 -2.76153274647 -1.18685234596 -0.0224031539826 0.698529223591 0.727982263477 0.473131751459 0.373600494886 0.405770697887
 -6.07264965775 -4.26402285541 -2.47299012219 -0.922102726850 -0.166626097960 0.207244976161 0.526623105124 0.539056648348 0.607238989736 0.780179670672
 -6.00424090887 -4.07993125914 -2.11452553824 -0.624878405842 -0.241848059810 -0.214496472596 0.137124629543 0.516634972481 0.771712671483 1.01002377152
 -6.00044774940 -4.04394614500 -2.16662286607 -0.670934358818 -0.118010566411 0.126933260160 0.154477399139 0.375368277372 0.706429376381 0.986135709869
 -5.98251898027 -3.98316001912 -2.04212627862 -0.698183422499 -0.147689894491 0.0929110436091 0.305095840024 0.327053622321 0.627138632536 1.02089251262
# log_selcoffs_fsh[3]:
 -0.920389504818 -0.101974608157 1.17521248166 0.431240000983 -0.683331622570 -1.43070175097 -1.73434930418
 -1.15902572297 -0.123750881380 1.20008693897 0.442837022290 -0.677143361522 -1.42576468015 -1.73333981665
 -0.591055940685 -0.165196742385 1.11078430557 0.456564692564 -0.613904398207 -1.36134867469 -1.68415138398
 -1.48180690828 -0.285822437960 1.24139033570 0.442804471131 -0.603144814821 -1.32565667919 -1.65458562611
 -1.87707912286 -0.202784649183 1.18293412268 0.497360358902 -0.475769673527 -1.22011380968 -1.58184911491
 -1.96708266738 -0.496328168215 0.977633772129 0.804487592177 -0.229465242352 -1.08711268554 -1.48936099720
 -1.68612774346 -0.424521910549 0.764284400301 0.937421624263 -0.139522187363 -1.03741294340 -1.44523189228
 -1.32721095582 0.564709541367 0.836441220681 0.344339929993 -0.374947750731 -1.08839271935 -1.45857245134
 -1.39637300648 0.634766528628 0.900519054575 0.231722848691 -0.482812915463 -1.15455796359 -1.55101363143
 -1.59537082236 0.310229515682 0.998218417746 0.488132617002 -0.478792161622 -1.25234122581 -1.68551931580
 -1.85632867123 -0.384537864943 0.900085814426 0.907860928459 -0.256085951173 -1.25261748512 -1.80588025628
 -1.81874351370 -0.344519034021 0.824603755465 0.943428249428 -0.177621878667 -1.25198839888 -1.85620067738
 -1.66470629834 -0.109607799319 1.01844801576 0.717085964584 -0.379450867561 -1.34609930117 -1.87909390422
 -1.42639214410 0.584451647587 0.998568688358 0.288689390633 -0.644782905592 -1.43612836790 -1.86999115441
 -1.47516197566 0.223343855918 1.18294468520 0.336432040873 -0.744326899589 -1.50169189354 -1.83705456141
 -1.47963844157 0.259050699917 1.25419858632 0.186170544496 -0.924718072394 -1.58721023645 -1.79705805660
 -1.27339563669 0.583092027061 1.12552565891 0.0850845495058 -0.989694668311 -1.56879341055 -1.72642773421
 -1.18964305055 0.638741651278 1.09710050545 0.0126934307852 -0.956852250049 -1.50660458868 -1.67360138124
 -0.707446465529 1.08750986621 0.659695435186 -0.202007982717 -0.983015800316 -1.48165056844 -1.67404531491
 -0.548842926182 1.20034730686 0.530196454300 -0.389535766986 -1.10054934498 -1.54272565814 -1.72603474576
 -0.344877129875 1.15967902208 0.592610754639 -0.445341306981 -1.21188030817 -1.64650797367 -1.81330459930
 -0.427910643733 1.13150324113 0.701967214801 -0.466947580540 -1.30414037605 -1.73142515425 -1.86595627256
 -0.284914488020 0.831554693245 1.01510225565 -0.480704844835 -1.39397739497 -1.78062430673 -1.85519594092
 -0.218634579345 1.05687169371 0.753470751695 -0.468680493759 -1.36460274722 -1.79845873500 -1.91186138818
 -0.400559018250 0.535674831892 1.10604598209 -0.0354788485232 -1.13682377742 -1.74446691536 -1.97795732120
 -0.137607261457 0.672205795311 0.635357861276 0.346198490414 -0.651311953793 -1.53222884940 -2.03094778808
 -0.928334998050 0.727512557620 0.856434643186 0.205384924937 -0.542195130626 -1.39643500474 -2.09421034875
 -1.44949951982 0.233370339257 1.13385856874 0.414177565608 -0.614431622448 -1.48572852823 -2.16781384488
 -1.61535655683 -0.0277704610903 1.23887769519 0.458454644673 -0.695162235582 -1.65874790415 -2.24589738820
 -1.56502885163 0.169224811546 0.803543681252 0.922469016308 -0.550486932342 -1.71510742024 -2.29280353405
 -1.48035323569 0.997963988796 0.768346929601 0.189295861992 -0.839263149200 -1.78961086131 -2.34300783345
 -1.62259190225 0.597772397864 1.18859098841 0.0924695762533 -0.997000699891 -1.90207300003 -2.44215391526
 -1.80385093139 -0.0309839402543 1.38177729551 0.262510157354 -1.01289066625 -1.97962266212 -2.49623942497
 -1.66061372370 0.0323535426221 1.13083582229 0.719638582361 -0.894940447906 -2.00385570116 -2.50454855341
 -1.44749743697 0.189575521726 1.33974066751 0.195770311161 -1.15443192194 -2.07623429281 -2.51125370427
 -0.936758011575 1.15461990560 0.799552909657 -0.287701304165 -1.34227626425 -2.13261021347 -2.51359096369
 -0.700118791198 1.09901964764 0.880708604557 -0.399627540738 -1.48723167634 -2.18426997336 -2.51930211838
 -0.109110302175 1.10572076282 0.714126071796 -0.468121486497 -1.50523680051 -2.19842583716 -2.52016888519
# log_selcoffs_fsh[4]:
 -6.02411366975 -4.85458313556 -3.66222361421 -2.41496971275 -1.12618409465 0.0761369087384 0.939379390994 1.12454188792 0.606588794207
 -6.01196982210 -4.83487185111 -3.62920021743 -2.33052623577 -0.993139370060 0.170792553766 0.947148671317 1.06143857155 0.609923258275
 -5.97809136315 -4.79640189406 -3.59469217830 -2.32992082712 -1.01549978837 0.151598858376 0.931214669539 1.06695429863 0.638910606616
 -5.91456852990 -4.71957186592 -3.52529939724 -2.30828926075 -1.05513119688 0.0845568601334 0.888225123826 1.08164307678 0.714317608669
 -5.84693919179 -4.62347988670 -3.41457343179 -2.22915918795 -1.02266811358 0.0890512261517 0.852220826306 1.05556881319 0.777283730451
 -5.77898094720 -4.56639068907 -3.34600536510 -2.13438999963 -1.00841459441 0.0223700572859 0.805490348236 1.06963583643 0.830053186063
 -5.69550596208 -4.49256941621 -3.27913380886 -2.05058541190 -0.931736803971 0.0404206040338 0.776517954229 1.03075706154 0.878353130117
 -5.59139236044 -4.37509062340 -3.19624129548 -2.01112827312 -0.901000664395 0.0178670232649 0.730927689907 1.02750967823 0.921729480618
 -5.48739168024 -4.22312225805 -3.06737786275 -2.00708565596 -0.973351661492 -0.0209740343461 0.718399201781 1.01971200158 0.963053456567
 -5.38823118800 -4.12709944031 -2.91621670544 -1.81826846003 -0.888734324598 -0.0460478872123 0.634018086841 0.995370162142 1.03168424975
 -5.31514007649 -4.04871592171 -2.83881802417 -1.72603986217 -0.743999853358 0.0360396177365 0.607636802279 0.930783476054 1.04965544256
 -5.27282522140 -3.96068987241 -2.73889881351 -1.65806893101 -0.683830611404 0.124708324955 0.631083976539 0.892477191921 1.01608476441
 -5.24535193564 -3.83749725377 -2.53888001407 -1.49696384505 -0.658476572405 0.103469145409 0.660745600512 0.893030211600 0.980208179955
 -5.21201942150 -3.67075575936 -2.18163773330 -1.09744205353 -0.421531275238 0.102492817179 0.538611782401 0.842043830002 1.00203115271
 -5.16832711486 -3.53637159860 -1.94310135746 -0.769781351274 -0.183199268506 0.130588757935 0.422108206983 0.758572713325 1.00294979431
 -5.11358107403 -3.42237540813 -1.73323635908 -0.517387361927 -0.108132957292 0.0916728447720 0.354122123009 0.702659085911 1.01196626161
 -5.09413392624 -3.42336701691 -1.76032119609 -0.527394145297 -0.0950952415692 0.143725886474 0.377956697563 0.681784187818 0.992725091952
 -5.09353648760 -3.54939035500 -2.13016652021 -1.04372646930 -0.288945874162 0.315689000854 0.587600773066 0.713560786925 0.929402494928
 -5.05701086017 -3.61826041253 -2.31233267788 -1.29342267196 -0.510466624255 0.158783014540 0.583194836737 0.836171258773 1.00132194819
 -5.04624521120 -3.66432614523 -2.42378046463 -1.43866609357 -0.709436289924 -0.0497248717429 0.550971296191 0.926589324981 1.07769031423
 -5.05722154781 -3.67321675091 -2.42194430953 -1.51844868969 -0.830990045464 -0.229914830450 0.411152535642 0.996998542015 1.16674795002
 -5.04142308778 -3.63893278013 -2.21631353190 -1.42140867332 -0.891736271783 -0.281391874460 0.302509194892 0.854898556396 1.32117150651
 -5.02860391070 -3.76329061092 -2.56435545602 -1.60306142952 -0.923923581670 -0.273835338437 0.269825598706 0.822271152024 1.37350856865
 -4.98740880820 -3.75225316569 -2.65688453118 -1.74547448337 -1.01696251315 -0.390749468182 0.170475586333 0.793835768488 1.45605563610
 -5.04611983142 -3.75312998964 -2.54089764270 -1.58048615296 -0.901054781459 -0.242626349990 0.298457004873 0.837007543922 1.34482676273
 -5.00823362798 -3.58146666516 -2.17732723573 -1.34316443766 -0.968470859846 -0.445066782683 0.199977446812 0.841832146558 1.39344012998
 -4.96169098456 -3.52420634911 -2.16208699493 -1.27101729665 -0.814337743578 -0.454217116639 0.0960109010779 0.820952185254 1.41502302513
 -4.86321676425 -3.42431069549 -2.09681357553 -1.18066141139 -0.720735897619 -0.382547474302 -0.0828789699177 0.620788830336 1.52178770444
 -4.85714981855 -3.44062616340 -2.17484009184 -1.27171055788 -0.754740607844 -0.405677722373 0.0139130891353 0.728262452948 1.46880916288
# log_sel_spl_fsh[1]:
 0.00000000000 0.00000000000 0.00000000000 0.00000000000
 0.00000000000 0.00000000000 0.00000000000 0.00000000000
 0.00000000000 0.00000000000 0.00000000000 0.00000000000
 0.00000000000 0.00000000000 0.00000000000 0.00000000000
 0.00000000000 0.00000000000 0.00000000000 0.00000000000
 0.00000000000 0.00000000000 0.00000000000 0.00000000000
 0.00000000000 0.00000000000 0.00000000000 0.00000000000
 0.00000000000 0.00000000000 0.00000000000 0.00000000000
 0.00000000000 0.00000000000 0.00000000000 0.00000000000
 0.00000000000 0.00000000000 0.00000000000 0.00000000000
 0.00000000000 0.00000000000 0.00000000000 0.00000000000
 0.00000000000 0.00000000000 0.00000000000 0.00000000000
 0.00000000000 0.00000000000 0.00000000000 0.00000000000
 0.00000000000 0.00000000000 0.00000000000 0.00000000000
 0.00000000000 0.00000000000 0.00000000000 0.00000000000
 0.00000000000 0.00000000000 0.00000000000 0.00000000000
 0.00000000000 0.00000000000 0.00000000000 0.00000000000
 0.00000000000 0.00000000000 0.00000000000 0.00000000000
 0.00000000000 0.00000000000 0.00000000000 0.00000000000
 0.00000000000 0.00000000000 0.00000000000 0.00000000000
 0.00000000000 0.00000000000 0.00000000000 0.00000000000
 0.00000000000 0.00000000000 0.00000000000 0.00000000000
 0.00000000000 0.00000000000 0.00000000000 0.00000000000
 0.00000000000 0.00000000000 0.00000000000 0.00000000000
 0.00000000000 0.00000000000 0.00000000000 0.00000000000
 0.00000000000 0.00000000000 0.00000000000 0.00000000000
 0.00000000000 0.00000000000 0.00000000000 0.00000000000
 0.00000000000 0.00000000000 0.00000000000 0.00000000000
 0.00000000000 0.00000000000 0.00000000000 0.00000000000
 0.00000000000 0.00000000000 0.00000000000 0.00000000000
 0.00000000000 0.00000000000 0.00000000000 0.00000000000
 0.00000000000 0.00000000000 0.00000000000 0.00000000000
 0.00000000000 0.00000000000 0.00000000000 0.00000000000
 0.00000000000 0.00000000000 0.00000000000 0.00000000000
# log_sel_spl_fsh[2]:
 0.00000000000 0.00000000000 0.00000000000 0.00000000000
 0.00000000000 0.00000000000 0.00000000000 0.00000000000
 0.00000000000 0.00000000000 0.00000000000 0.00000000000
 0.00000000000 0.00000000000 0.00000000000 0.00000000000
 0.00000000000 0.00000000000 0.00000000000 0.00000000000
 0.00000000000 0.00000000000 0.00000000000 0.00000000000
 0.00000000000 0.00000000000 0.00000000000 0.00000000000
 0.00000000000 0.00000000000 0.00000000000 0.00000000000
 0.00000000000 0.00000000000 0.00000000000 0.00000000000
 0.00000000000 0.00000000000 0.00000000000 0.00000000000
 0.00000000000 0.00000000000 0.00000000000 0.00000000000
 0.00000000000 0.00000000000 0.00000000000 0.00000000000
 0.00000000000 0.00000000000 0.00000000000 0.00000000000
 0.00000000000 0.00000000000 0.00000000000 0.00000000000
 0.00000000000 0.00000000000 0.00000000000 0.00000000000
 0.00000000000 0.00000000000 0.00000000000 0.00000000000
 0.00000000000 0.00000000000 0.00000000000 0.00000000000
 0.00000000000 0.00000000000 0.00000000000 0.00000000000
 0.00000000000 0.00000000000 0.00000000000 0.00000000000
 0.00000000000 0.00000000000 0.00000000000 0.00000000000
 0.00000000000 0.00000000000 0.00000000000 0.00000000000
 0.00000000000 0.00000000000 0.00000000000 0.00000000000
 0.00000000000 0.00000000000 0.00000000000 0.00000000000
 0.00000000000 0.00000000000 0.00000000000 0.00000000000
 0.00000000000 0.00000000000 0.00000000000 0.00000000000
 0.00000000000 0.00000000000 0.00000000000 0.00000000000
 0.00000000000 0.00000000000 0.00000000000 0.00000000000
 0.00000000000 0.00000000000 0.00000000000 0.00000000000
 0.00000000000 0.00000000000 0.00000000000 0.00000000000
 0.00000000000 0.00000000000 0.00000000000 0.00000000000
 0.00000000000 0.00000000000 0.00000000000 0.00000000000
 0.00000000000 0.00000000000 0.00000000000 0.00000000000
 0.00000000000 0.00000000000 0.00000000000 0.00000000000
 0.00000000000 0.00000000000 0.00000000000 0.00000000000
 0.00000000000 0.00000000000 0.00000000000 0.00000000000
# log_sel_spl_fsh[3]:
 0.00000000000 0.00000000000 0.00000000000 0.00000000000
 0.00000000000 0.00000000000 0.00000000000 0.00000000000
 0.00000000000 0.00000000000 0.00000000000 0.00000000000
 0.00000000000 0.00000000000 0.00000000000 0.00000000000
 0.00000000000 0.00000000000 0.00000000000 0.00000000000
 0.00000000000 0.00000000000 0.00000000000 0.00000000000
 0.00000000000 0.00000000000 0.00000000000 0.00000000000
 0.00000000000 0.00000000000 0.00000000000 0.00000000000
 0.00000000000 0.00000000000 0.00000000000 0.00000000000
 0.00000000000 0.00000000000 0.00000000000 0.00000000000
 0.00000000000 0.00000000000 0.00000000000 0.00000000000
 0.00000000000 0.00000000000 0.00000000000 0.00000000000
 0.00000000000 0.00000000000 0.00000000000 0.00000000000
 0.00000000000 0.00000000000 0.00000000000 0.00000000000
 0.00000000000 0.00000000000 0.00000000000 0.00000000000
 0.00000000000 0.00000000000 0.00000000000 0.00000000000
 0.00000000000 0.00000000000 0.00000000000 0.00000000000
 0.00000000000 0.00000000000 0.00000000000 0.00000000000
 0.00000000000 0.00000000000 0.00000000000 0.00000000000
 0.00000000000 0.00000000000 0.00000000000 0.00000000000
 0.00000000000 0.00000000000 0.00000000000 0.00000000000
 0.00000000000 0.00000000000 0.00000000000 0.00000000000
 0.00000000000 0.00000000000 0.00000000000 0.00000000000
 0.00000000000 0.00000000000 0.00000000000 0.00000000000
 0.00000000000 0.00000000000 0.00000000000 0.00000000000
 0.00000000000 0.00000000000 0.00000000000 0.00000000000
 0.00000000000 0.00000000000 0.00000000000 0.00000000000
 0.00000000000 0.00000000000 0.00000000000 0.00000000000
 0.00000000000 0.00000000000 0.00000000000 0.00000000000
 0.00000000000 0.00000000000 0.00000000000 0.00000000000
 0.00000000000 0.00000000000 0.00000000000 0.00000000000
 0.00000000000 0.00000000000 0.00000000000 0.00000000000
 0.00000000000 0.00000000000 0.00000000000 0.00000000000
 0.00000000000 0.00000000000 0.00000000000 0.00000000000
 0.00000000000 0.00000000000 0.00000000000 0.00000000000
 0.00000000000 0.00000000000 0.00000000000 0.00000000000
 0.00000000000 0.00000000000 0.00000000000 0.00000000000
 0.00000000000 0.00000000000 0.00000000000 0.00000000000
# log_sel_spl_fsh[4]:
 0.00000000000 0.00000000000 0.00000000000 0.00000000000
 0.00000000000 0.00000000000 0.00000000000 0.00000000000
 0.00000000000 0.00000000000 0.00000000000 0.00000000000
 0.00000000000 0.00000000000 0.00000000000 0.00000000000
 0.00000000000 0.00000000000 0.00000000000 0.00000000000
 0.00000000000 0.00000000000 0.00000000000 0.00000000000
 0.00000000000 0.00000000000 0.00000000000 0.00000000000
 0.00000000000 0.00000000000 0.00000000000 0.00000000000
 0.00000000000 0.00000000000 0.00000000000 0.00000000000
 0.00000000000 0.00000000000 0.00000000000 0.00000000000
 0.00000000000 0.00000000000 0.00000000000 0.00000000000
 0.00000000000 0.00000000000 0.00000000000 0.00000000000
 0.00000000000 0.00000000000 0.00000000000 0.00000000000
 0.00000000000 0.00000000000 0.00000000000 0.00000000000
 0.00000000000 0.00000000000 0.00000000000 0.00000000000
 0.00000000000 0.00000000000 0.00000000000 0.00000000000
 0.00000000000 0.00000000000 0.00000000000 0.00000000000
 0.00000000000 0.00000000000 0.00000000000 0.00000000000
 0.00000000000 0.00000000000 0.00000000000 0.00000000000
 0.00000000000 0.00000000000 0.00000000000 0.00000000000
 0.00000000000 0.00000000000 0.00000000000 0.00000000000
 0.00000000000 0.00000000000 0.00000000000 0.00000000000
 0.00000000000 0.00000000000 0.00000000000 0.00000000000
 0.00000000000 0.00000000000 0.00000000000 0.00000000000
 0.00000000000 0.00000000000 0.00000000000 0.00000000000
 0.00000000000 0.00000000000 0.00000000000 0.00000000000
 0.00000000000 0.00000000000 0.00000000000 0.00000000000
 0.00000000000 0.00000000000 0.00000000000 0.00000000000
 0.00000000000 0.00000000000 0.00000000000 0.00000000000
# logsel_slope_fsh[1]:
 0.00000000000 0.00000000000 0.00000000000 0.00000000000 0.00000000000 0.00000000000 0.00000000000 0.00000000000 0.00000000000 0.00000000000 0.00000000000 0.00000000000 0.00000000000 0.00000000000 0.00000000000 0.00000000000 0.00000000000 0.00000000000 0.00000000000 0.00000000000 0.00000000000 0.00000000000 0.00000000000 0.00000000000 0.00000000000 0.00000000000 0.00000000000 0.00000000000 0.00000000000 0.00000000000 0.00000000000 0.00000000000 0.00000000000 0.00000000000
# logsel_slope_fsh[2]:
 0.00000000000 0.00000000000 0.00000000000 0.00000000000 0.00000000000 0.00000000000 0.00000000000 0.00000000000 0.00000000000 0.00000000000 0.00000000000 0.00000000000 0.00000000000 0.00000000000 0.00000000000 0.00000000000 0.00000000000 0.00000000000 0.00000000000 0.00000000000 0.00000000000 0.00000000000 0.00000000000 0.00000000000 0.00000000000 0.00000000000 0.00000000000 0.00000000000 0.00000000000 0.00000000000 0.00000000000 0.00000000000 0.00000000000 0.00000000000 0.00000000000
# logsel_slope_fsh[3]:
 0.00000000000 0.00000000000 0.00000000000 0.00000000000 0.00000000000 0.00000000000 0.00000000000 0.00000000000 0.00000000000 0.00000000000 0.00000000000 0.00000000000 0.00000000000 0.00000000000 0.00000000000 0.00000000000 0.00000000000 0.00000000000 0.00000000000 0.00000000000 0.00000000000 0.00000000000 0.00000000000 0.00000000000 0.00000000000 0.00000000000 0.00000000000 0.00000000000 0.00000000000 0.00000000000 0.00000000000 0.00000000000 0.00000000000 0.00000000000 0.00000000000 0.00000000000 0.00000000000 0.00000000000
# logsel_slope_fsh[4]:
 0.00000000000 0.00000000000 0.00000000000 0.00000000000 0.00000000000 0.00000000000 0.00000000000 0.00000000000 0.00000000000 0.00000000000 0.00000000000 0.00000000000 0.00000000000 0.00000000000 0.00000000000 0.00000000000 0.00000000000 0.00000000000 0.00000000000 0.00000000000 0.00000000000 0.00000000000 0.00000000000 0.00000000000 0.00000000000 0.00000000000 0.00000000000 0.00000000000 0.00000000000
# sel50_fsh[1]:
 0.00000000000 0.00000000000 0.00000000000 0.00000000000 0.00000000000 0.00000000000 0.00000000000 0.00000000000 0.00000000000 0.00000000000 0.00000000000 0.00000000000 0.00000000000 0.00000000000 0.00000000000 0.00000000000 0.00000000000 0.00000000000 0.00000000000 0.00000000000 0.00000000000 0.00000000000 0.00000000000 0.00000000000 0.00000000000 0.00000000000 0.00000000000 0.00000000000 0.00000000000 0.00000000000 0.00000000000 0.00000000000 0.00000000000 0.00000000000
# sel50_fsh[2]:
 0.00000000000 0.00000000000 0.00000000000 0.00000000000 0.00000000000 0.00000000000 0.00000000000 0.00000000000 0.00000000000 0.00000000000 0.00000000000 0.00000000000 0.00000000000 0.00000000000 0.00000000000 0.00000000000 0.00000000000 0.00000000000 0.00000000000 0.00000000000 0.00000000000 0.00000000000 0.00000000000 0.00000000000 0.00000000000 0.00000000000 0.00000000000 0.00000000000 0.00000000000 0.00000000000 0.00000000000 0.00000000000 0.00000000000 0.00000000000 0.00000000000
# sel50_fsh[3]:
 0.00000000000 0.00000000000 0.00000000000 0.00000000000 0.00000000000 0.00000000000 0.00000000000 0.00000000000 0.00000000000 0.00000000000 0.00000000000 0.00000000000 0.00000000000 0.00000000000 0.00000000000 0.00000000000 0.00000000000 0.00000000000 0.00000000000 0.00000000000 0.00000000000 0.00000000000 0.00000000000 0.00000000000 0.00000000000 0.00000000000 0.00000000000 0.00000000000 0.00000000000 0.00000000000 0.00000000000 0.00000000000 0.00000000000 0.00000000000 0.00000000000 0.00000000000 0.00000000000 0.00000000000
# sel50_fsh[4]:
 0.00000000000 0.00000000000 0.00000000000 0.00000000000 0.00000000000 0.00000000000 0.00000000000 0.00000000000 0.00000000000 0.00000000000 0.00000000000 0.00000000000 0.00000000000 0.00000000000 0.00000000000 0.00000000000 0.00000000000 0.00000000000 0.00000000000 0.00000000000 0.00000000000 0.00000000000 0.00000000000 0.00000000000 0.00000000000 0.00000000000 0.00000000000 0.00000000000 0.00000000000
# logsel_p1_fsh[1]:
 0.00000000000 0.00000000000 0.00000000000 0.00000000000 0.00000000000 0.00000000000 0.00000000000 0.00000000000 0.00000000000 0.00000000000 0.00000000000 0.00000000000 0.00000000000 0.00000000000 0.00000000000 0.00000000000 0.00000000000 0.00000000000 0.00000000000 0.00000000000 0.00000000000 0.00000000000 0.00000000000 0.00000000000 0.00000000000 0.00000000000 0.00000000000 0.00000000000 0.00000000000 0.00000000000 0.00000000000 0.00000000000 0.00000000000 0.00000000000
# logsel_p1_fsh[2]:
 0.00000000000 0.00000000000 0.00000000000 0.00000000000 0.00000000000 0.00000000000 0.00000000000 0.00000000000 0.00000000000 0.00000000000 0.00000000000 0.00000000000 0.00000000000 0.00000000000 0.00000000000 0.00000000000 0.00000000000 0.00000000000 0.00000000000 0.00000000000 0.00000000000 0.00000000000 0.00000000000 0.00000000000 0.00000000000 0.00000000000 0.00000000000 0.00000000000 0.00000000000 0.00000000000 0.00000000000 0.00000000000 0.00000000000 0.00000000000 0.00000000000
# logsel_p1_fsh[3]:
 0.00000000000 0.00000000000 0.00000000000 0.00000000000 0.00000000000 0.00000000000 0.00000000000 0.00000000000 0.00000000000 0.00000000000 0.00000000000 0.00000000000 0.00000000000 0.00000000000 0.00000000000 0.00000000000 0.00000000000 0.00000000000 0.00000000000 0.00000000000 0.00000000000 0.00000000000 0.00000000000 0.00000000000 0.00000000000 0.00000000000 0.00000000000 0.00000000000 0.00000000000 0.00000000000 0.00000000000 0.00000000000 0.00000000000 0.00000000000 0.00000000000 0.00000000000 0.00000000000 0.00000000000
# logsel_p1_fsh[4]:
 0.00000000000 0.00000000000 0.00000000000 0.00000000000 0.00000000000 0.00000000000 0.00000000000 0.00000000000 0.00000000000 0.00000000000 0.00000000000 0.00000000000 0.00000000000 0.00000000000 0.00000000000 0.00000000000 0.00000000000 0.00000000000 0.00000000000 0.00000000000 0.00000000000 0.00000000000 0.00000000000 0.00000000000 0.00000000000 0.00000000000 0.00000000000 0.00000000000 0.00000000000
# sel_p2_fsh[1]:
 0.00000000000 0.00000000000 0.00000000000 0.00000000000 0.00000000000 0.00000000000 0.00000000000 0.00000000000 0.00000000000 0.00000000000 0.00000000000 0.00000000000 0.00000000000 0.00000000000 0.00000000000 0.00000000000 0.00000000000 0.00000000000 0.00000000000 0.00000000000 0.00000000000 0.00000000000 0.00000000000 0.00000000000 0.00000000000 0.00000000000 0.00000000000 0.00000000000 0.00000000000 0.00000000000 0.00000000000 0.00000000000 0.00000000000 0.00000000000
# sel_p2_fsh[2]:
 0.00000000000 0.00000000000 0.00000000000 0.00000000000 0.00000000000 0.00000000000 0.00000000000 0.00000000000 0.00000000000 0.00000000000 0.00000000000 0.00000000000 0.00000000000 0.00000000000 0.00000000000 0.00000000000 0.00000000000 0.00000000000 0.00000000000 0.00000000000 0.00000000000 0.00000000000 0.00000000000 0.00000000000 0.00000000000 0.00000000000 0.00000000000 0.00000000000 0.00000000000 0.00000000000 0.00000000000 0.00000000000 0.00000000000 0.00000000000 0.00000000000
# sel_p2_fsh[3]:
 0.00000000000 0.00000000000 0.00000000000 0.00000000000 0.00000000000 0.00000000000 0.00000000000 0.00000000000 0.00000000000 0.00000000000 0.00000000000 0.00000000000 0.00000000000 0.00000000000 0.00000000000 0.00000000000 0.00000000000 0.00000000000 0.00000000000 0.00000000000 0.00000000000 0.00000000000 0.00000000000 0.00000000000 0.00000000000 0.00000000000 0.00000000000 0.00000000000 0.00000000000 0.00000000000 0.00000000000 0.00000000000 0.00000000000 0.00000000000 0.00000000000 0.00000000000 0.00000000000 0.00000000000
# sel_p2_fsh[4]:
 0.00000000000 0.00000000000 0.00000000000 0.00000000000 0.00000000000 0.00000000000 0.00000000000 0.00000000000 0.00000000000 0.00000000000 0.00000000000 0.00000000000 0.00000000000 0.00000000000 0.00000000000 0.00000000000 0.00000000000 0.00000000000 0.00000000000 0.00000000000 0.00000000000 0.00000000000 0.00000000000 0.00000000000 0.00000000000 0.00000000000 0.00000000000 0.00000000000 0.00000000000
# logsel_p3_fsh[1]:
 0.00000000000 0.00000000000 0.00000000000 0.00000000000 0.00000000000 0.00000000000 0.00000000000 0.00000000000 0.00000000000 0.00000000000 0.00000000000 0.00000000000 0.00000000000 0.00000000000 0.00000000000 0.00000000000 0.00000000000 0.00000000000 0.00000000000 0.00000000000 0.00000000000 0.00000000000 0.00000000000 0.00000000000 0.00000000000 0.00000000000 0.00000000000 0.00000000000 0.00000000000 0.00000000000 0.00000000000 0.00000000000 0.00000000000 0.00000000000
# logsel_p3_fsh[2]:
 0.00000000000 0.00000000000 0.00000000000 0.00000000000 0.00000000000 0.00000000000 0.00000000000 0.00000000000 0.00000000000 0.00000000000 0.00000000000 0.00000000000 0.00000000000 0.00000000000 0.00000000000 0.00000000000 0.00000000000 0.00000000000 0.00000000000 0.00000000000 0.00000000000 0.00000000000 0.00000000000 0.00000000000 0.00000000000 0.00000000000 0.00000000000 0.00000000000 0.00000000000 0.00000000000 0.00000000000 0.00000000000 0.00000000000 0.00000000000 0.00000000000
# logsel_p3_fsh[3]:
 0.00000000000 0.00000000000 0.00000000000 0.00000000000 0.00000000000 0.00000000000 0.00000000000 0.00000000000 0.00000000000 0.00000000000 0.00000000000 0.00000000000 0.00000000000 0.00000000000 0.00000000000 0.00000000000 0.00000000000 0.00000000000 0.00000000000 0.00000000000 0.00000000000 0.00000000000 0.00000000000 0.00000000000 0.00000000000 0.00000000000 0.00000000000 0.00000000000 0.00000000000 0.00000000000 0.00000000000 0.00000000000 0.00000000000 0.00000000000 0.00000000000 0.00000000000 0.00000000000 0.00000000000
# logsel_p3_fsh[4]:
 0.00000000000 0.00000000000 0.00000000000 0.00000000000 0.00000000000 0.00000000000 0.00000000000 0.00000000000 0.00000000000 0.00000000000 0.00000000000 0.00000000000 0.00000000000 0.00000000000 0.00000000000 0.00000000000 0.00000000000 0.00000000000 0.00000000000 0.00000000000 0.00000000000 0.00000000000 0.00000000000 0.00000000000 0.00000000000 0.00000000000 0.00000000000 0.00000000000 0.00000000000
# rec_dev_future:
 0.00000000000 0.00000000000 0.00000000000 0.00000000000 0.00000000000 0.00000000000 0.00000000000 0.00000000000 0.00000000000 0.00000000000 0.00000000000 0.00000000000 0.00000000000 0.00000000000 0.00000000000 0.00000000000 0.00000000000 0.00000000000 0.00000000000 0.00000000000
# log_q_ind[1]:
-0.0403457210105
# log_q_ind[2]:
-3.28369112765
# log_q_ind[3]:
-9.55993655963
# log_q_ind[4]:
-0.646101120183
# log_q_ind[5]:
-6.22151122225
# log_q_ind[6]:
-8.50301477383
# log_q_ind[7]:
-0.760657666702
# log_q_power_ind[1]:
0.00000000000
# log_q_power_ind[2]:
0.00000000000
# log_q_power_ind[3]:
0.00000000000
# log_q_power_ind[4]:
0.00000000000
# log_q_power_ind[5]:
0.00000000000
# log_q_power_ind[6]:
0.00000000000
# log_q_power_ind[7]:
0.00000000000
# log_rw_q_ind[1]:
 -1.17097245049
# log_rw_q_ind[3]:
 -0.243159739040
# log_selcoffs_ind[1]:
 -3.33159740555 -2.16887386661 -1.05755258242 -0.198699264362 0.261483002229 0.432697940634 0.424326300677 0.372705127055 0.352666534860 0.364308417918
 -3.28841960536 -2.38031925128 -1.50419083343 -0.701503713556 -0.0409926754478 0.392085380486 0.552036361132 0.546340550089 0.497639412001 0.472306091708
# log_selcoffs_ind[2]:
 -0.548770791063 -0.0412009734644 0.262903190085 0.330455833534 0.173005624239 0.00381611626696 -0.0895573494920 -0.113655588446 -0.116481047456 -0.126973471860
 0.00160158278426 0.125180389241 0.156212737209 0.181116365621 0.138322864508 0.0393371009465 -0.0817381842028 -0.182867939406 -0.241824008448 -0.262194221410
 0.322144149807 0.232092209741 0.160299868917 0.105173963694 0.0353005217541 -0.0546976928991 -0.148510619338 -0.239261282320 -0.309901511869 -0.344617131970
# log_selcoffs_ind[3]:
 -0.202940821038 0.0202027052767 0.0202027052767 0.0202027052767 0.0202027052767 0.0202027052767 0.0202027052767 0.0202027052767 0.0202027052767 0.0202027052767
# log_selcoffs_ind[4]:
 -2.74417640152 -1.73092540929 -0.855237536811 -0.294781129299 -0.0455318996279 0.122128460623 0.281140774583 0.435486939707 0.559008201577 0.633408088957
 -3.36444169044 -2.47488275055 -1.60441596268 -0.854260098854 -0.286444192315 0.127517881670 0.415107096994 0.610407840770 0.687619763787 0.704589350203
# log_selcoffs_ind[5]:
 -3.04452005677 -0.669616569639 0.101782682789 0.174353368097 0.174353368097 0.174353368097 0.174353368097 0.174353368097 0.174353368097 0.174353368097
# log_selcoffs_ind[6]:
 -3.04452005677 -0.669616569639 0.101782682789 0.174353368097 0.174353368097 0.174353368097 0.174353368097 0.174353368097 0.174353368097 0.174353368097
# log_selcoffs_ind[7]:
 -3.04452005677 -0.669616569639 0.101782682789 0.174353368097 0.174353368097 0.174353368097 0.174353368097 0.174353368097 0.174353368097 0.174353368097
# logsel_slope_ind[1]:
 0.00000000000 0.00000000000
# logsel_slope_ind[2]:
 0.00000000000 0.00000000000 0.00000000000
# logsel_slope_ind[3]:
 0.00000000000
# logsel_slope_ind[4]:
 0.00000000000 0.00000000000
# logsel_slope_ind[5]:
 0.00000000000
# logsel_slope_ind[6]:
 0.00000000000
# logsel_slope_ind[7]:
 0.00000000000
# sel50_ind[1]:
 0.00000000000 0.00000000000
# sel50_ind[2]:
 0.00000000000 0.00000000000 0.00000000000
# sel50_ind[3]:
 0.00000000000
# sel50_ind[4]:
 0.00000000000 0.00000000000
# sel50_ind[5]:
 0.00000000000
# sel50_ind[6]:
 0.00000000000
# sel50_ind[7]:
 0.00000000000
# logsel_p1_ind[1]:
 0.00000000000 0.00000000000
# logsel_p1_ind[2]:
 0.00000000000 0.00000000000 0.00000000000
# logsel_p1_ind[3]:
 0.00000000000
# logsel_p1_ind[4]:
 0.00000000000 0.00000000000
# logsel_p1_ind[5]:
 0.00000000000
# logsel_p1_ind[6]:
 0.00000000000
# logsel_p1_ind[7]:
 0.00000000000
# sel_p2_ind[1]:
 0.00000000000 0.00000000000
# sel_p2_ind[2]:
 0.00000000000 0.00000000000 0.00000000000
# sel_p2_ind[3]:
 0.00000000000
# sel_p2_ind[4]:
 0.00000000000 0.00000000000
# sel_p2_ind[5]:
 0.00000000000
# sel_p2_ind[6]:
 0.00000000000
# sel_p2_ind[7]:
 0.00000000000
# logsel_p3_ind[1]:
 0.00000000000 0.00000000000
# logsel_p3_ind[2]:
 0.00000000000 0.00000000000 0.00000000000
# logsel_p3_ind[3]:
 0.00000000000
# logsel_p3_ind[4]:
 0.00000000000 0.00000000000
# logsel_p3_ind[5]:
 0.00000000000
# logsel_p3_ind[6]:
 0.00000000000
# logsel_p3_ind[7]:
 0.00000000000
