# Number of parameters = 1445 Objective function value = 1254.45419510549  Maximum gradient component = 0.0371524589741349
# Mest[1]:
0.230000000000
# log_Linf[1]:
4.30945594184
# log_k[1]:
-1.83258146375
# log_Lo[1]:
2.89037175790
# log_sdage[1]:
-2.40794560865
# mean_log_rec[1]:
9.57117749582
# steepness[1]:
0.650000000000
# log_Rzero[1]:
9.23925328772
# rec_dev:
 -0.437607318023 -0.510375437454 -0.589515652615 -0.675860435446 -0.766993358702 -0.859108630663 -0.826591982589 -0.831142936757 -0.678059550975 -0.617519433702 -0.530879766666 -0.362093735067 -0.394394650010 -0.343769993282 -0.295241028883 -0.0919251007200 0.249852544144 0.422415019149 0.388662713119 0.427222962786 0.430866075849 0.473549367209 0.672020706070 0.824576885396 0.628283365050 1.10995432999 1.29661636974 0.700883756778 0.640863228502 0.815298709545 0.670722114802 0.753681295859 0.385376784081 0.415921366193 0.0660755633174 -0.00141012592302 0.263258799335 0.358073277224 0.656128017422 0.608432133691 0.778128221871 0.809546551338 0.396700711002 0.0225553604060 -0.542006959529 -0.513315909864 -0.770615397762 -0.715183777026 -1.06261503444 -1.11158380320 -0.412283679570 -0.108387161099 -0.973469972650 -0.183909447893 -0.457901571400 -0.307513411038 -0.0406271627137
# log_sigmar[1]:
-0.510825623766
# fmort:
 0.0107459230074 0.0158209275991 0.00718875181777 0.00911404262570 0.0176249199685 0.0217764021587 0.0264863809404 0.0229686547479 0.0451994422477 0.0378173418360 0.0258930000202 0.0380779824548 0.0733767372442 0.0283485762659 0.0660446897967 0.0444184909537 0.00437619773110 0.0207235583170 0.0175194623319 0.0158010736470 0.0142723210790 0.0172952482131 0.0175875383727 0.0205895070948 0.0141674155832 0.0195387124548 0.0356597906743 0.0147163220313 0.00429242681165 0.00679695471512 0.0103018788083 0.0204350013809 0.00868736489725 0.0120889667607 0.0131700591611 0.0208119654224 0.0257463105592 0.0355686936927 0.0489293370523 0.0495344693352 0.0667761417064 0.00956207386024 0.00330500488568 0.00388319759370 0.00402004314304 0.00493326547136
 0.00136310069449 0.00209229382427 0.00319696656542 0.00530206821963 0.00381732085574 0.00690779838010 0.00895684847326 0.0131438017026 0.0213425675792 0.0265306159687 0.0242170356233 0.0485501253199 0.0672331813721 0.0545953313405 0.0728142741585 0.102633023834 0.114941773727 0.154455781313 0.213028930867 0.224014128777 0.228037386107 0.295368880657 0.400141785832 0.383336502875 0.485653904016 0.600724093153 0.551306632293 0.583604730407 0.366562103912 0.251735948086 0.197818954600 0.233242481474 0.230188375208 0.211779017378 0.206244785393 0.205726475826 0.219127405240 0.273081694494 0.242379257390 0.330678888133 0.196708085269 0.139863649457 0.118153745184 0.0875954833889 0.0792146480078 0.0816889924361
 0.000207515037910 0.000385199146617 0.000851805155679 0.00181750947124 0.00546250171566 0.00158571272471 0.00187694861477 0.0162172061240 0.0106364151129 0.00856912609897 0.0104888149115 0.0105117732777 0.00338804443423 0.00250453991908 0.00341767391609 0.00186673711893 0.000725574465445 0.000665010661982 0.00373638224821 0.00486515313628 0.00580739439926 0.00347745289844 0.00188696173571 0.00284226416284 0.00534630012376 0.0183039553005 0.0207810844869 0.0287802522533 0.0164534565554 0.00656155195152 0.00822783273941 0.0221319014178 0.00396965743700 0.00714820477821 0.00694631749342 0.00369364996691 0.0156579088016 0.0183551847077 0.0140846391787 0.00758299639649 0.00231512932641 0.0222047201864 0.00928326358079 0.00424320083661 0.00352400310551 0.00126508546039
 1.93178806285e-13 2.04836148043e-13 0.000527927162599 2.23432383706e-13 2.24265050974e-13 2.28150831560e-13 3.34694054083e-06 0.000227910050832 0.00477243187887 0.0296289611333 0.0264596294468 0.0336349640903 0.0759271541913 0.0891411944207 0.117525829502 0.0948158746544 0.0897969175453 0.0929520563789 0.0955883409983 0.0814870332690 0.0691783668503 0.0440198537966 0.00375450577747 2.20379270388e-13 2.23154827950e-13 2.88102874890e-13 3.52218254562e-13 5.25968157916e-13 6.45039577307e-13 3.25059269363e-06 0.000669113582665 0.00499312168150 0.0157303510806 0.0303861800183 0.0527817239754 0.0437556969096 0.0658800239928 0.103251184239 0.136721966392 0.192221116235 0.199370219874 0.0543642122812 0.0352231693683 0.0322913383583 0.0330741407822 0.0372075595819
# log_selcoffs_fsh[1]:
 -4.85456282482 -3.70072360777 -2.44738433756 -1.20892212952 -0.264892787232 0.520085098502 1.09032556458 0.882320897418 -0.299403710820
 -4.53599392478 -3.28831333509 -1.97045614982 -0.807980600758 -0.154959240100 0.468717871706 0.953388257477 0.794533902384 0.0994176222532
 -4.20141722522 -2.92357074748 -1.70048594034 -0.693467129382 -0.00137509478903 0.542694641726 0.829458686769 0.662608837342 0.260564513298
 -3.82283900701 -2.43146806131 -1.28118351271 -0.511291729609 -0.0662319556915 0.392046445238 0.768616949287 0.685369614655 0.375412148436
 -3.63019930529 -2.15989059645 -0.740807918828 0.0253403548830 0.209924036234 0.321439525590 0.484022900823 0.493313283983 0.393891869642
 -3.47419083035 -2.12719631364 -0.835101704050 0.107565101759 0.511209320769 0.471204152665 0.352303607360 0.287921434358 0.244691728886
 -3.29330318007 -2.06286527376 -1.00878848946 -0.129837748817 0.583495275224 0.718204662181 0.405331845024 0.161787665354 0.0717906916012
 -3.09145709181 -1.83228583111 -0.917718496268 -0.154917969675 0.558683231971 0.780849109784 0.423348715106 0.109137999770 -0.0361192434923
 -2.92476207794 -1.62410353537 -0.490567693525 0.0747544814026 0.421323363505 0.620845351894 0.482355082197 0.130947538995 -0.0887588279455
 -2.75131126610 -1.30568702965 -0.129602313978 0.212514185448 0.433839674397 0.539246014247 0.342651891442 0.0312986358309 -0.160656805731
 -2.58994067045 -0.943299773888 0.528548915926 0.475485868289 0.284136060529 0.203553814088 0.0367580168234 -0.148028598220 -0.253400813980
 -2.42473471788 -0.676387128255 0.481684177150 0.529593854053 0.432171190453 0.180342393280 -0.116293964241 -0.286857842327 -0.346797635295
 -2.34742155694 -0.610110139619 0.540464210595 0.713064313257 0.399545970432 0.0400130404216 -0.257650250239 -0.414002930949 -0.449072087339
 -2.30855238761 -0.711768371581 0.540993352072 0.881839757655 0.378027892683 -0.0654053296906 -0.362337795654 -0.505626709883 -0.542140955064
 -2.48410054023 -0.885867552120 0.629716134143 0.932770680316 0.357767107867 -0.109570886040 -0.411011235921 -0.573851624538 -0.629342654415
 -2.46881003325 -0.907633870764 0.665824057107 0.837564161049 0.433565541351 -0.0305181331118 -0.389840836035 -0.589378348987 -0.672396836927
 -2.27272511532 -0.697326298074 0.751433013007 0.763803221930 0.359118168697 -0.0395154909029 -0.375993183816 -0.591353610888 -0.694969959609
 -1.92070090140 -0.393411759497 0.533869923855 0.800068636993 0.434799427452 -0.0282088323580 -0.376438347439 -0.595155071841 -0.707420102430
 -1.77708349473 -0.349152467890 0.823254522061 0.746503551481 0.229717461028 -0.155242068300 -0.450532130541 -0.653439803160 -0.763404591871
 -1.54110200826 -0.218809160971 0.799723592366 0.730064647469 0.262961050256 -0.178974353804 -0.499763305066 -0.705430836400 -0.810205657264
 -1.47921759508 -0.118574187034 0.871853985485 0.735141060035 0.192805947801 -0.260790920599 -0.588589210916 -0.788292094313 -0.881739348421
 -1.45356820288 -0.200650118412 0.666275881421 0.973194108830 0.310042465069 -0.344722481529 -0.710434119130 -0.891706443586 -0.963845525857
 -1.40386024805 0.0297162567700 0.907326031266 0.810013280555 0.156605473077 -0.431862104264 -0.801496652442 -0.977398893205 -1.03623948605
 -1.51175286620 -0.191409220134 0.862400956581 1.03619476138 0.0950590984125 -0.533243417303 -0.893973571270 -1.06698970746 -1.11817136968
 -1.59372762163 -0.194281861709 0.895908533770 1.00344739822 0.141218020460 -0.511571150577 -0.909230186667 -1.10797774065 -1.16510716728
 -1.57658703018 0.120371067025 0.724849107564 0.891145162706 0.285102611448 -0.309812841651 -0.814632674112 -1.07767458044 -1.15076351967
 -1.70357104746 -0.279906752493 0.576202696176 0.982300053799 0.421775349772 -0.129705143790 -0.673772459303 -0.993805048441 -1.11083213138
 -1.58883841296 -0.103253827908 0.373346226207 0.847845781392 0.542009416319 0.0166249409891 -0.519397350357 -0.873839071592 -1.02640525957
 -1.21061520678 0.159304287260 0.531544557231 0.665118939205 0.374839492122 -0.0401226039414 -0.469318902718 -0.785673308516 -0.951033948465
 -1.12441979127 0.0671798766912 0.426268790979 0.864054096575 0.319541897956 -0.152312687924 -0.507177141150 -0.766543615038 -0.917911034827
 -0.890776317124 0.561442362438 0.668959586241 0.400061563215 0.0939799092920 -0.217359081426 -0.512638552998 -0.742486893052 -0.881115447523
 -0.793982639856 0.633797147423 0.336950224893 0.580385877583 0.194227427913 -0.242896852947 -0.542242949337 -0.742946003847 -0.867665642306
# log_selcoffs_fsh[2]:
 -6.51326457760 -5.05207524312 -3.58337076043 -1.95294774229 -0.563263133319 0.339885579404 0.995765789308 1.13175175937 0.501369360190 -0.942924198262
 -6.42582011930 -4.96837641191 -3.46606379678 -2.03590673426 -0.858551808626 0.198714647324 0.979072230404 1.17323316737 0.521318252058 -0.498638835855
 -6.30680821054 -4.89580309927 -3.48668589851 -2.13552174314 -1.00751504416 0.0588634232647 0.930854908888 1.15226174127 0.610624010879 -0.136327527081
 -6.15541479503 -4.76029422797 -3.44170402751 -2.21176732008 -1.15689373742 -0.171088579734 0.780769631270 1.14711413381 0.758864701530 0.200894465487
 -6.00604833942 -4.54610635624 -3.22040697741 -2.16260374224 -1.29722033074 -0.403764591629 0.595735964778 1.08846445772 0.887350776631 0.517667648715
 -5.86106478221 -4.49985511498 -3.15956294170 -1.91662740728 -1.08626593513 -0.497768667754 0.274983653961 0.898170246963 1.00703660723 0.851023452382
 -5.72407976392 -4.45894773505 -3.23465624445 -2.08596871994 -1.08557122131 -0.335017079795 0.205020909650 0.678867302170 0.972780739169 1.07297974668
 -5.61402721263 -4.39490177105 -3.25669757731 -2.22295850258 -1.26150552002 -0.469196603273 0.199320490921 0.624498193493 0.939245518464 1.18861913064
 -5.54300876862 -4.30390780985 -3.14786395481 -2.19803395171 -1.40256577467 -0.630776327409 0.131369385615 0.685595601196 0.953342954749 1.20319762223
 -5.45484860187 -4.16301766616 -2.96217616888 -1.96782174790 -1.22002058781 -0.626794183624 -0.0665419412081 0.575519203692 0.979736962710 1.27584803402
 -5.38048909608 -3.97739081884 -2.63228187954 -1.54533474522 -0.879165292167 -0.439454686032 -0.0257694925176 0.399126452481 0.878111606796 1.32456656937
 -5.36784064834 -3.82730058543 -2.37838580950 -1.18032470005 -0.618927698868 -0.259680304116 -0.00383359148972 0.363650053507 0.878081565590 1.23047212385
 -5.38560554515 -3.66981255987 -2.03015641683 -0.738315913332 -0.253768614436 0.0311107958573 0.157766634996 0.333110789103 0.716734585260 1.07817206238
 -5.42040480822 -3.50836144962 -1.68549011681 -0.482583445567 0.108080342025 0.235730469851 0.228018566375 0.324813248454 0.575385444043 0.860956176755
 -5.43245157250 -3.33352757307 -1.37136448328 -0.0940433882598 0.347082644602 0.310957724973 0.161397397281 0.219091896837 0.469657914621 0.691519501838
 -5.41125643102 -3.16052950334 -1.06042091430 0.0721035550428 0.327062617286 0.278564657551 0.165639547906 0.211878073300 0.425060923435 0.630263592741
 -5.40426938194 -3.12141204638 -0.961294389428 0.0532786527469 0.330401461999 0.302696727671 0.178621882059 0.200061770403 0.400832565709 0.620115359312
 -5.39780508388 -3.30862936321 -1.33330464158 -0.0141012324220 0.409695578146 0.383212963277 0.207960599653 0.191199073888 0.383425557704 0.602559140147
 -5.37458599207 -3.44545853505 -1.61976387605 -0.264008195837 0.457354753035 0.448982854609 0.232793858402 0.196643568476 0.394079811727 0.635786559749
 -5.32205580831 -3.49981489499 -1.75822068466 -0.430075091099 0.243186432590 0.383864340003 0.244683794530 0.243270987409 0.493335640290 0.792290054141
 -5.30602863260 -3.59800886363 -1.98337261077 -0.652924042354 0.130668005666 0.394329011793 0.302406732463 0.258682429683 0.515520479495 0.860233703769
 -5.33080812216 -3.69879169745 -2.17141187744 -0.946211005007 -0.0553390503234 0.431792750202 0.417001945818 0.335260100900 0.540455557328 0.854203576086
 -5.37544071819 -3.78734582033 -2.34216920881 -1.15442212190 -0.284121167928 0.426648511850 0.478529222312 0.421195808470 0.590644141473 0.847555493321
 -5.47327258083 -3.86602804431 -2.37915872925 -1.17402692809 -0.404760460684 0.198689424540 0.542100796095 0.528706577006 0.672094653710 0.837890712770
 -5.57085008915 -3.92439636426 -2.30835881123 -0.917447405362 -0.268113597627 0.0217301423692 0.331166894912 0.571941397445 0.719822768644 0.905158369610
 -5.69201294016 -4.00267162531 -2.42725155313 -1.03620554399 -0.222123768694 0.233254974971 0.337552370652 0.469715431018 0.690250000744 0.906845144111
 -5.90466662556 -4.20166250790 -2.49248951231 -1.01271909048 -0.112119623358 0.417597760562 0.474377504221 0.456679912884 0.580656302920 0.765967041738
 -6.07039484130 -4.39513124188 -2.59691748353 -0.820247907254 -0.0183093105775 0.442902331220 0.469844762906 0.399096769322 0.602899357319 0.700031803997
 -6.18324185842 -4.57422539851 -2.90564078023 -1.20805926532 -0.181287527499 0.602094965397 0.578844043955 0.428497385341 0.613967807671 0.591846535902
 -6.30236825954 -4.66378528273 -3.06591014321 -1.43615268404 0.00185517124042 0.739019831760 0.760952243560 0.479681381836 0.375134345444 0.334674825534
 -6.29537948092 -4.56625965979 -2.83254644337 -1.26849752858 -0.128123946140 0.614794644010 0.678268949126 0.481154415430 0.458950750997 0.558359680425
 -6.21112329818 -4.36704698908 -2.53456948459 -0.940195667949 -0.266702668822 0.0525369773057 0.398441448120 0.495488407275 0.673854240201 0.956676075069
 -6.16303592984 -4.20252565404 -2.18988247606 -0.697279127346 -0.307005360586 -0.446337154478 -0.0528311495898 0.458893197085 0.821174315458 1.16109388236
# log_selcoffs_fsh[3]:
 -0.918326949143 -0.100003229981 1.17670433513 0.431419147808 -0.687266123635 -1.44176271861 -1.75208345375
 -1.15754325971 -0.122099782084 1.20155777074 0.443313781759 -0.680776564350 -1.43667633312 -1.75106817861
 -0.590350400122 -0.163862764884 1.11254222738 0.457436228617 -0.617405311118 -1.37273056727 -1.70291277769
 -1.48137912813 -0.284920532542 1.24291144346 0.444190040496 -0.605921903829 -1.33697059638 -1.67411110241
 -1.87664279944 -0.201981507896 1.18443891335 0.499507957798 -0.477884094121 -1.23201308603 -1.60332854394
 -1.96713602647 -0.495557157324 0.978917755679 0.807651037034 -0.230953738349 -1.10006474992 -1.51377533339
 -1.68739503837 -0.423688181161 0.766352694984 0.940317406322 -0.141166977215 -1.05082726076 -1.47106191712
 -1.32966093440 0.563977334301 0.839628295215 0.348179082080 -0.376149476959 -1.10101345885 -1.48387326421
 -1.39854344905 0.633373964439 0.902333811875 0.236523923943 -0.481812774381 -1.16507145355 -1.57341394603
 -1.59722380212 0.309188706322 0.998323106127 0.491659612836 -0.476621152583 -1.25996186169 -1.70415618520
 -1.85844145441 -0.385976845466 0.899401385750 0.910336006320 -0.254718817908 -1.25866137316 -1.82114508317
 -1.82198002217 -0.346646598432 0.823528938234 0.946015739308 -0.175997464360 -1.25726369720 -1.86928404847
 -1.66915153076 -0.112811835439 1.01784391666 0.720155777244 -0.376805894724 -1.34999397490 -1.89042217616
 -1.43143738489 0.581166735413 0.998710354769 0.293561105862 -0.640624826353 -1.43828586438 -1.87967323478
 -1.48004520925 0.219312407133 1.18272766616 0.340806298274 -0.739555864513 -1.50275904950 -1.84536515622
 -1.48304834863 0.256105460784 1.25388218878 0.190434166468 -0.920370326074 -1.58745755382 -1.80389685502
 -1.27565124629 0.581766757621 1.12546250104 0.0878227570467 -0.986331921302 -1.56904252475 -1.73199539377
 -1.19241223239 0.638015933940 1.09744970848 0.0140045861589 -0.955020567140 -1.50698982775 -1.67775848201
 -0.713423030134 1.08643349594 0.661270450380 -0.199282270243 -0.980564149301 -1.48080398973 -1.67543745839
 -0.556956226253 1.19714987263 0.534529965246 -0.383285021636 -1.09463657555 -1.53794548155 -1.72241600724
 -0.354877901689 1.15533117309 0.597090128866 -0.436086123350 -1.20164170569 -1.63604554746 -1.80283612923
 -0.441542484838 1.12540782002 0.707169431817 -0.455960173290 -1.28943389794 -1.71386864611 -1.84637904720
 -0.305888137387 0.821258785458 1.02106124041 -0.467437138145 -1.37466236401 -1.75435571294 -1.82336065797
 -0.239493260366 1.04884802359 0.759101816237 -0.454285399809 -1.34126797900 -1.76376003438 -1.86794211375
 -0.418993357372 0.524279218776 1.10500575259 -0.0244863413655 -1.11121259178 -1.70119536394 -1.92159944260
 -0.153752868521 0.663764796125 0.629746138691 0.349064036921 -0.622953959115 -1.47674677110 -1.96031127219
 -0.943885947839 0.720548235919 0.847556382172 0.202622077745 -0.514418484409 -1.32873651777 -2.00900754205
 -1.46893861393 0.224832219611 1.12587845886 0.409128761594 -0.584507544067 -1.40690491052 -2.06350722233
 -1.64235107378 -0.0465924086855 1.22893832190 0.460954241592 -0.655132857918 -1.56633480049 -2.11501477794
 -1.59476164363 0.136239356627 0.784123606375 0.927434285028 -0.492274472119 -1.59760726531 -2.12887323648
 -1.48822130483 0.966908042759 0.758016403933 0.212159951628 -0.765297934841 -1.64841487303 -2.14994231538
 -1.59701013294 0.603115176774 1.15537499786 0.109925289892 -0.918975350835 -1.75387332603 -2.24189358573
 -1.81043168186 0.00868368387970 1.35672229092 0.254857750964 -0.940629797818 -1.82278099135 -2.28263148053
 -1.72937559988 0.00961185296860 1.13327074191 0.697207250411 -0.828292487156 -1.83625230225 -2.27493113860
 -1.57066882809 0.163211547216 1.31572727465 0.246664669842 -1.04330579971 -1.88626874923 -2.26651660796
 -1.23180108451 1.17012761216 0.757608420752 -0.245137389259 -1.15090353957 -1.90208220918 -2.25898996669
# log_selcoffs_fsh[4]:
 -6.03495033992 -4.85831564074 -3.65996448437 -2.40905658623 -1.11944582311 0.0814291653598 0.941785474709 1.12300306589 0.601187862559
 -6.02353627750 -4.83917552672 -3.62732154219 -2.32477494407 -0.986313968266 0.176388830045 0.949828071699 1.05962718411 0.603693741365
 -5.99081663019 -4.80153279630 -3.59330082664 -2.32429025098 -1.00843549289 0.157687771630 0.934424028457 1.06520139154 0.631889374858
 -5.92899821264 -4.72591456093 -3.52463189897 -2.30287498102 -1.04775405137 0.0914023477656 0.892262652894 1.08016760946 0.706452982243
 -5.86357794381 -4.63143860438 -3.41491638817 -2.22418295166 -1.01514119258 0.0965463954065 0.857081172229 1.05422936739 0.768549297160
 -5.79794542689 -4.57603525962 -3.34744735183 -2.12999748188 -1.00098371754 0.0302124146966 0.810767347435 1.06863095495 0.821295574929
 -5.71718869816 -4.50407580992 -3.28193539569 -2.04726980990 -0.925177759255 0.0477106197171 0.781687447072 1.02992925774 0.870310787630
 -5.61645829880 -4.38892224668 -3.20056799570 -2.00918702093 -0.895832971445 0.0240066878927 0.735543222361 1.02708279867 0.915100374401
 -5.51619424646 -4.23997803841 -3.07370422616 -2.00661984104 -0.969884839526 -0.0168817771235 0.721621605298 1.01971214338 0.958709628161
 -5.42122229861 -4.14738300959 -2.92548307117 -1.81999545209 -0.887105530405 -0.0438869770071 0.635450442566 0.995521805929 1.03004470281
 -5.35318145942 -4.07302411471 -2.85157500666 -1.73101429542 -0.745135696308 0.0359739593696 0.607613764436 0.930939446929 1.05052375707
 -5.31684507894 -3.98966656849 -2.75534788005 -1.66653171195 -0.688208415678 0.122150215616 0.629660187498 0.893125577267 1.01955957306
 -5.29618904806 -3.87162524736 -2.55933101150 -1.50899959343 -0.666569152439 0.0978709071836 0.657879830439 0.894334134543 0.986931198542
 -5.27008083491 -3.71034698771 -2.20657089321 -1.11416110714 -0.434691408997 0.0923064449120 0.533524074230 0.845123461732 1.01333013635
 -5.23562803475 -3.58365325644 -1.97414170259 -0.791930245722 -0.201305967529 0.116351771065 0.415143422430 0.763622144440 1.02006521640
 -5.19176737806 -3.48003099869 -1.77255342455 -0.545471395901 -0.130962903936 0.0737826951239 0.345249637875 0.709234547295 1.03516257220
 -5.18417914830 -3.49449132371 -1.81209142753 -0.563403565880 -0.122183519343 0.123446101144 0.367565003376 0.689350123782 1.02189048146
 -5.19531851915 -3.63660163501 -2.20131507989 -1.09794279778 -0.327048713907 0.291168641933 0.575520253655 0.722276513660 0.966105987387
 -5.16758462236 -3.72016584852 -2.40392930190 -1.37013410308 -0.567822998397 0.120770898591 0.561710553274 0.842698057870 1.04879786062
 -5.15738684954 -3.77375975769 -2.52891257226 -1.53553771075 -0.788650186327 -0.106707329852 0.506940268031 0.917467137327 1.15050841596
 -5.18272199236 -3.80551097141 -2.55645277347 -1.64741145660 -0.943067883573 -0.310495032926 0.365725771682 0.992641009548 1.23535107215
 -5.17645370123 -3.79188018486 -2.37956359159 -1.58315705984 -1.03653927514 -0.388768122361 0.245562661288 0.854834265918 1.38928633276
 -5.16583984924 -3.93013699352 -2.75289173635 -1.79496430940 -1.09855636993 -0.408928807526 0.194701920891 0.820839602496 1.44919988130
 -5.13155125822 -3.92938682466 -2.86762713936 -1.97201851144 -1.22671881578 -0.554640139862 0.0742421709451 0.785676353945 1.53470089206
 -5.18489474425 -3.94227600195 -2.76763445933 -1.83428880608 -1.14589967743 -0.427080200392 0.199124329815 0.834645705334 1.44874736504
 -5.15280955398 -3.79911977222 -2.46103076639 -1.63940241470 -1.25176281057 -0.643360851236 0.114746431307 0.845152290813 1.48861147645
 -5.13373732390 -3.78156724360 -2.56058687679 -1.72824350079 -1.19983185541 -0.612053370342 0.119917233555 0.881896215454 1.46559120819
# log_sel_spl_fsh[1]:
 0.00000000000 0.00000000000 0.00000000000 0.00000000000
 0.00000000000 0.00000000000 0.00000000000 0.00000000000
 0.00000000000 0.00000000000 0.00000000000 0.00000000000
 0.00000000000 0.00000000000 0.00000000000 0.00000000000
 0.00000000000 0.00000000000 0.00000000000 0.00000000000
 0.00000000000 0.00000000000 0.00000000000 0.00000000000
 0.00000000000 0.00000000000 0.00000000000 0.00000000000
 0.00000000000 0.00000000000 0.00000000000 0.00000000000
 0.00000000000 0.00000000000 0.00000000000 0.00000000000
 0.00000000000 0.00000000000 0.00000000000 0.00000000000
 0.00000000000 0.00000000000 0.00000000000 0.00000000000
 0.00000000000 0.00000000000 0.00000000000 0.00000000000
 0.00000000000 0.00000000000 0.00000000000 0.00000000000
 0.00000000000 0.00000000000 0.00000000000 0.00000000000
 0.00000000000 0.00000000000 0.00000000000 0.00000000000
 0.00000000000 0.00000000000 0.00000000000 0.00000000000
 0.00000000000 0.00000000000 0.00000000000 0.00000000000
 0.00000000000 0.00000000000 0.00000000000 0.00000000000
 0.00000000000 0.00000000000 0.00000000000 0.00000000000
 0.00000000000 0.00000000000 0.00000000000 0.00000000000
 0.00000000000 0.00000000000 0.00000000000 0.00000000000
 0.00000000000 0.00000000000 0.00000000000 0.00000000000
 0.00000000000 0.00000000000 0.00000000000 0.00000000000
 0.00000000000 0.00000000000 0.00000000000 0.00000000000
 0.00000000000 0.00000000000 0.00000000000 0.00000000000
 0.00000000000 0.00000000000 0.00000000000 0.00000000000
 0.00000000000 0.00000000000 0.00000000000 0.00000000000
 0.00000000000 0.00000000000 0.00000000000 0.00000000000
 0.00000000000 0.00000000000 0.00000000000 0.00000000000
 0.00000000000 0.00000000000 0.00000000000 0.00000000000
 0.00000000000 0.00000000000 0.00000000000 0.00000000000
 0.00000000000 0.00000000000 0.00000000000 0.00000000000
# log_sel_spl_fsh[2]:
 0.00000000000 0.00000000000 0.00000000000 0.00000000000
 0.00000000000 0.00000000000 0.00000000000 0.00000000000
 0.00000000000 0.00000000000 0.00000000000 0.00000000000
 0.00000000000 0.00000000000 0.00000000000 0.00000000000
 0.00000000000 0.00000000000 0.00000000000 0.00000000000
 0.00000000000 0.00000000000 0.00000000000 0.00000000000
 0.00000000000 0.00000000000 0.00000000000 0.00000000000
 0.00000000000 0.00000000000 0.00000000000 0.00000000000
 0.00000000000 0.00000000000 0.00000000000 0.00000000000
 0.00000000000 0.00000000000 0.00000000000 0.00000000000
 0.00000000000 0.00000000000 0.00000000000 0.00000000000
 0.00000000000 0.00000000000 0.00000000000 0.00000000000
 0.00000000000 0.00000000000 0.00000000000 0.00000000000
 0.00000000000 0.00000000000 0.00000000000 0.00000000000
 0.00000000000 0.00000000000 0.00000000000 0.00000000000
 0.00000000000 0.00000000000 0.00000000000 0.00000000000
 0.00000000000 0.00000000000 0.00000000000 0.00000000000
 0.00000000000 0.00000000000 0.00000000000 0.00000000000
 0.00000000000 0.00000000000 0.00000000000 0.00000000000
 0.00000000000 0.00000000000 0.00000000000 0.00000000000
 0.00000000000 0.00000000000 0.00000000000 0.00000000000
 0.00000000000 0.00000000000 0.00000000000 0.00000000000
 0.00000000000 0.00000000000 0.00000000000 0.00000000000
 0.00000000000 0.00000000000 0.00000000000 0.00000000000
 0.00000000000 0.00000000000 0.00000000000 0.00000000000
 0.00000000000 0.00000000000 0.00000000000 0.00000000000
 0.00000000000 0.00000000000 0.00000000000 0.00000000000
 0.00000000000 0.00000000000 0.00000000000 0.00000000000
 0.00000000000 0.00000000000 0.00000000000 0.00000000000
 0.00000000000 0.00000000000 0.00000000000 0.00000000000
 0.00000000000 0.00000000000 0.00000000000 0.00000000000
 0.00000000000 0.00000000000 0.00000000000 0.00000000000
 0.00000000000 0.00000000000 0.00000000000 0.00000000000
# log_sel_spl_fsh[3]:
 0.00000000000 0.00000000000 0.00000000000 0.00000000000
 0.00000000000 0.00000000000 0.00000000000 0.00000000000
 0.00000000000 0.00000000000 0.00000000000 0.00000000000
 0.00000000000 0.00000000000 0.00000000000 0.00000000000
 0.00000000000 0.00000000000 0.00000000000 0.00000000000
 0.00000000000 0.00000000000 0.00000000000 0.00000000000
 0.00000000000 0.00000000000 0.00000000000 0.00000000000
 0.00000000000 0.00000000000 0.00000000000 0.00000000000
 0.00000000000 0.00000000000 0.00000000000 0.00000000000
 0.00000000000 0.00000000000 0.00000000000 0.00000000000
 0.00000000000 0.00000000000 0.00000000000 0.00000000000
 0.00000000000 0.00000000000 0.00000000000 0.00000000000
 0.00000000000 0.00000000000 0.00000000000 0.00000000000
 0.00000000000 0.00000000000 0.00000000000 0.00000000000
 0.00000000000 0.00000000000 0.00000000000 0.00000000000
 0.00000000000 0.00000000000 0.00000000000 0.00000000000
 0.00000000000 0.00000000000 0.00000000000 0.00000000000
 0.00000000000 0.00000000000 0.00000000000 0.00000000000
 0.00000000000 0.00000000000 0.00000000000 0.00000000000
 0.00000000000 0.00000000000 0.00000000000 0.00000000000
 0.00000000000 0.00000000000 0.00000000000 0.00000000000
 0.00000000000 0.00000000000 0.00000000000 0.00000000000
 0.00000000000 0.00000000000 0.00000000000 0.00000000000
 0.00000000000 0.00000000000 0.00000000000 0.00000000000
 0.00000000000 0.00000000000 0.00000000000 0.00000000000
 0.00000000000 0.00000000000 0.00000000000 0.00000000000
 0.00000000000 0.00000000000 0.00000000000 0.00000000000
 0.00000000000 0.00000000000 0.00000000000 0.00000000000
 0.00000000000 0.00000000000 0.00000000000 0.00000000000
 0.00000000000 0.00000000000 0.00000000000 0.00000000000
 0.00000000000 0.00000000000 0.00000000000 0.00000000000
 0.00000000000 0.00000000000 0.00000000000 0.00000000000
 0.00000000000 0.00000000000 0.00000000000 0.00000000000
 0.00000000000 0.00000000000 0.00000000000 0.00000000000
 0.00000000000 0.00000000000 0.00000000000 0.00000000000
 0.00000000000 0.00000000000 0.00000000000 0.00000000000
# log_sel_spl_fsh[4]:
 0.00000000000 0.00000000000 0.00000000000 0.00000000000
 0.00000000000 0.00000000000 0.00000000000 0.00000000000
 0.00000000000 0.00000000000 0.00000000000 0.00000000000
 0.00000000000 0.00000000000 0.00000000000 0.00000000000
 0.00000000000 0.00000000000 0.00000000000 0.00000000000
 0.00000000000 0.00000000000 0.00000000000 0.00000000000
 0.00000000000 0.00000000000 0.00000000000 0.00000000000
 0.00000000000 0.00000000000 0.00000000000 0.00000000000
 0.00000000000 0.00000000000 0.00000000000 0.00000000000
 0.00000000000 0.00000000000 0.00000000000 0.00000000000
 0.00000000000 0.00000000000 0.00000000000 0.00000000000
 0.00000000000 0.00000000000 0.00000000000 0.00000000000
 0.00000000000 0.00000000000 0.00000000000 0.00000000000
 0.00000000000 0.00000000000 0.00000000000 0.00000000000
 0.00000000000 0.00000000000 0.00000000000 0.00000000000
 0.00000000000 0.00000000000 0.00000000000 0.00000000000
 0.00000000000 0.00000000000 0.00000000000 0.00000000000
 0.00000000000 0.00000000000 0.00000000000 0.00000000000
 0.00000000000 0.00000000000 0.00000000000 0.00000000000
 0.00000000000 0.00000000000 0.00000000000 0.00000000000
 0.00000000000 0.00000000000 0.00000000000 0.00000000000
 0.00000000000 0.00000000000 0.00000000000 0.00000000000
 0.00000000000 0.00000000000 0.00000000000 0.00000000000
 0.00000000000 0.00000000000 0.00000000000 0.00000000000
 0.00000000000 0.00000000000 0.00000000000 0.00000000000
 0.00000000000 0.00000000000 0.00000000000 0.00000000000
 0.00000000000 0.00000000000 0.00000000000 0.00000000000
# logsel_slope_fsh[1]:
 0.00000000000 0.00000000000 0.00000000000 0.00000000000 0.00000000000 0.00000000000 0.00000000000 0.00000000000 0.00000000000 0.00000000000 0.00000000000 0.00000000000 0.00000000000 0.00000000000 0.00000000000 0.00000000000 0.00000000000 0.00000000000 0.00000000000 0.00000000000 0.00000000000 0.00000000000 0.00000000000 0.00000000000 0.00000000000 0.00000000000 0.00000000000 0.00000000000 0.00000000000 0.00000000000 0.00000000000 0.00000000000
# logsel_slope_fsh[2]:
 0.00000000000 0.00000000000 0.00000000000 0.00000000000 0.00000000000 0.00000000000 0.00000000000 0.00000000000 0.00000000000 0.00000000000 0.00000000000 0.00000000000 0.00000000000 0.00000000000 0.00000000000 0.00000000000 0.00000000000 0.00000000000 0.00000000000 0.00000000000 0.00000000000 0.00000000000 0.00000000000 0.00000000000 0.00000000000 0.00000000000 0.00000000000 0.00000000000 0.00000000000 0.00000000000 0.00000000000 0.00000000000 0.00000000000
# logsel_slope_fsh[3]:
 0.00000000000 0.00000000000 0.00000000000 0.00000000000 0.00000000000 0.00000000000 0.00000000000 0.00000000000 0.00000000000 0.00000000000 0.00000000000 0.00000000000 0.00000000000 0.00000000000 0.00000000000 0.00000000000 0.00000000000 0.00000000000 0.00000000000 0.00000000000 0.00000000000 0.00000000000 0.00000000000 0.00000000000 0.00000000000 0.00000000000 0.00000000000 0.00000000000 0.00000000000 0.00000000000 0.00000000000 0.00000000000 0.00000000000 0.00000000000 0.00000000000 0.00000000000
# logsel_slope_fsh[4]:
 0.00000000000 0.00000000000 0.00000000000 0.00000000000 0.00000000000 0.00000000000 0.00000000000 0.00000000000 0.00000000000 0.00000000000 0.00000000000 0.00000000000 0.00000000000 0.00000000000 0.00000000000 0.00000000000 0.00000000000 0.00000000000 0.00000000000 0.00000000000 0.00000000000 0.00000000000 0.00000000000 0.00000000000 0.00000000000 0.00000000000 0.00000000000
# sel50_fsh[1]:
 0.00000000000 0.00000000000 0.00000000000 0.00000000000 0.00000000000 0.00000000000 0.00000000000 0.00000000000 0.00000000000 0.00000000000 0.00000000000 0.00000000000 0.00000000000 0.00000000000 0.00000000000 0.00000000000 0.00000000000 0.00000000000 0.00000000000 0.00000000000 0.00000000000 0.00000000000 0.00000000000 0.00000000000 0.00000000000 0.00000000000 0.00000000000 0.00000000000 0.00000000000 0.00000000000 0.00000000000 0.00000000000
# sel50_fsh[2]:
 0.00000000000 0.00000000000 0.00000000000 0.00000000000 0.00000000000 0.00000000000 0.00000000000 0.00000000000 0.00000000000 0.00000000000 0.00000000000 0.00000000000 0.00000000000 0.00000000000 0.00000000000 0.00000000000 0.00000000000 0.00000000000 0.00000000000 0.00000000000 0.00000000000 0.00000000000 0.00000000000 0.00000000000 0.00000000000 0.00000000000 0.00000000000 0.00000000000 0.00000000000 0.00000000000 0.00000000000 0.00000000000 0.00000000000
# sel50_fsh[3]:
 0.00000000000 0.00000000000 0.00000000000 0.00000000000 0.00000000000 0.00000000000 0.00000000000 0.00000000000 0.00000000000 0.00000000000 0.00000000000 0.00000000000 0.00000000000 0.00000000000 0.00000000000 0.00000000000 0.00000000000 0.00000000000 0.00000000000 0.00000000000 0.00000000000 0.00000000000 0.00000000000 0.00000000000 0.00000000000 0.00000000000 0.00000000000 0.00000000000 0.00000000000 0.00000000000 0.00000000000 0.00000000000 0.00000000000 0.00000000000 0.00000000000 0.00000000000
# sel50_fsh[4]:
 0.00000000000 0.00000000000 0.00000000000 0.00000000000 0.00000000000 0.00000000000 0.00000000000 0.00000000000 0.00000000000 0.00000000000 0.00000000000 0.00000000000 0.00000000000 0.00000000000 0.00000000000 0.00000000000 0.00000000000 0.00000000000 0.00000000000 0.00000000000 0.00000000000 0.00000000000 0.00000000000 0.00000000000 0.00000000000 0.00000000000 0.00000000000
# logsel_p1_fsh[1]:
 0.00000000000 0.00000000000 0.00000000000 0.00000000000 0.00000000000 0.00000000000 0.00000000000 0.00000000000 0.00000000000 0.00000000000 0.00000000000 0.00000000000 0.00000000000 0.00000000000 0.00000000000 0.00000000000 0.00000000000 0.00000000000 0.00000000000 0.00000000000 0.00000000000 0.00000000000 0.00000000000 0.00000000000 0.00000000000 0.00000000000 0.00000000000 0.00000000000 0.00000000000 0.00000000000 0.00000000000 0.00000000000
# logsel_p1_fsh[2]:
 0.00000000000 0.00000000000 0.00000000000 0.00000000000 0.00000000000 0.00000000000 0.00000000000 0.00000000000 0.00000000000 0.00000000000 0.00000000000 0.00000000000 0.00000000000 0.00000000000 0.00000000000 0.00000000000 0.00000000000 0.00000000000 0.00000000000 0.00000000000 0.00000000000 0.00000000000 0.00000000000 0.00000000000 0.00000000000 0.00000000000 0.00000000000 0.00000000000 0.00000000000 0.00000000000 0.00000000000 0.00000000000 0.00000000000
# logsel_p1_fsh[3]:
 0.00000000000 0.00000000000 0.00000000000 0.00000000000 0.00000000000 0.00000000000 0.00000000000 0.00000000000 0.00000000000 0.00000000000 0.00000000000 0.00000000000 0.00000000000 0.00000000000 0.00000000000 0.00000000000 0.00000000000 0.00000000000 0.00000000000 0.00000000000 0.00000000000 0.00000000000 0.00000000000 0.00000000000 0.00000000000 0.00000000000 0.00000000000 0.00000000000 0.00000000000 0.00000000000 0.00000000000 0.00000000000 0.00000000000 0.00000000000 0.00000000000 0.00000000000
# logsel_p1_fsh[4]:
 0.00000000000 0.00000000000 0.00000000000 0.00000000000 0.00000000000 0.00000000000 0.00000000000 0.00000000000 0.00000000000 0.00000000000 0.00000000000 0.00000000000 0.00000000000 0.00000000000 0.00000000000 0.00000000000 0.00000000000 0.00000000000 0.00000000000 0.00000000000 0.00000000000 0.00000000000 0.00000000000 0.00000000000 0.00000000000 0.00000000000 0.00000000000
# sel_p2_fsh[1]:
 0.00000000000 0.00000000000 0.00000000000 0.00000000000 0.00000000000 0.00000000000 0.00000000000 0.00000000000 0.00000000000 0.00000000000 0.00000000000 0.00000000000 0.00000000000 0.00000000000 0.00000000000 0.00000000000 0.00000000000 0.00000000000 0.00000000000 0.00000000000 0.00000000000 0.00000000000 0.00000000000 0.00000000000 0.00000000000 0.00000000000 0.00000000000 0.00000000000 0.00000000000 0.00000000000 0.00000000000 0.00000000000
# sel_p2_fsh[2]:
 0.00000000000 0.00000000000 0.00000000000 0.00000000000 0.00000000000 0.00000000000 0.00000000000 0.00000000000 0.00000000000 0.00000000000 0.00000000000 0.00000000000 0.00000000000 0.00000000000 0.00000000000 0.00000000000 0.00000000000 0.00000000000 0.00000000000 0.00000000000 0.00000000000 0.00000000000 0.00000000000 0.00000000000 0.00000000000 0.00000000000 0.00000000000 0.00000000000 0.00000000000 0.00000000000 0.00000000000 0.00000000000 0.00000000000
# sel_p2_fsh[3]:
 0.00000000000 0.00000000000 0.00000000000 0.00000000000 0.00000000000 0.00000000000 0.00000000000 0.00000000000 0.00000000000 0.00000000000 0.00000000000 0.00000000000 0.00000000000 0.00000000000 0.00000000000 0.00000000000 0.00000000000 0.00000000000 0.00000000000 0.00000000000 0.00000000000 0.00000000000 0.00000000000 0.00000000000 0.00000000000 0.00000000000 0.00000000000 0.00000000000 0.00000000000 0.00000000000 0.00000000000 0.00000000000 0.00000000000 0.00000000000 0.00000000000 0.00000000000
# sel_p2_fsh[4]:
 0.00000000000 0.00000000000 0.00000000000 0.00000000000 0.00000000000 0.00000000000 0.00000000000 0.00000000000 0.00000000000 0.00000000000 0.00000000000 0.00000000000 0.00000000000 0.00000000000 0.00000000000 0.00000000000 0.00000000000 0.00000000000 0.00000000000 0.00000000000 0.00000000000 0.00000000000 0.00000000000 0.00000000000 0.00000000000 0.00000000000 0.00000000000
# logsel_p3_fsh[1]:
 0.00000000000 0.00000000000 0.00000000000 0.00000000000 0.00000000000 0.00000000000 0.00000000000 0.00000000000 0.00000000000 0.00000000000 0.00000000000 0.00000000000 0.00000000000 0.00000000000 0.00000000000 0.00000000000 0.00000000000 0.00000000000 0.00000000000 0.00000000000 0.00000000000 0.00000000000 0.00000000000 0.00000000000 0.00000000000 0.00000000000 0.00000000000 0.00000000000 0.00000000000 0.00000000000 0.00000000000 0.00000000000
# logsel_p3_fsh[2]:
 0.00000000000 0.00000000000 0.00000000000 0.00000000000 0.00000000000 0.00000000000 0.00000000000 0.00000000000 0.00000000000 0.00000000000 0.00000000000 0.00000000000 0.00000000000 0.00000000000 0.00000000000 0.00000000000 0.00000000000 0.00000000000 0.00000000000 0.00000000000 0.00000000000 0.00000000000 0.00000000000 0.00000000000 0.00000000000 0.00000000000 0.00000000000 0.00000000000 0.00000000000 0.00000000000 0.00000000000 0.00000000000 0.00000000000
# logsel_p3_fsh[3]:
 0.00000000000 0.00000000000 0.00000000000 0.00000000000 0.00000000000 0.00000000000 0.00000000000 0.00000000000 0.00000000000 0.00000000000 0.00000000000 0.00000000000 0.00000000000 0.00000000000 0.00000000000 0.00000000000 0.00000000000 0.00000000000 0.00000000000 0.00000000000 0.00000000000 0.00000000000 0.00000000000 0.00000000000 0.00000000000 0.00000000000 0.00000000000 0.00000000000 0.00000000000 0.00000000000 0.00000000000 0.00000000000 0.00000000000 0.00000000000 0.00000000000 0.00000000000
# logsel_p3_fsh[4]:
 0.00000000000 0.00000000000 0.00000000000 0.00000000000 0.00000000000 0.00000000000 0.00000000000 0.00000000000 0.00000000000 0.00000000000 0.00000000000 0.00000000000 0.00000000000 0.00000000000 0.00000000000 0.00000000000 0.00000000000 0.00000000000 0.00000000000 0.00000000000 0.00000000000 0.00000000000 0.00000000000 0.00000000000 0.00000000000 0.00000000000 0.00000000000
# rec_dev_future:
 0.00000000000 0.00000000000 0.00000000000 0.00000000000 0.00000000000 0.00000000000 0.00000000000 0.00000000000 0.00000000000 0.00000000000 0.00000000000 0.00000000000 0.00000000000 0.00000000000 0.00000000000 0.00000000000 0.00000000000 0.00000000000 0.00000000000 0.00000000000
# log_q_ind[1]:
-0.0193144292814
# log_q_ind[2]:
-3.46741761719
# log_q_ind[3]:
-9.56417758722
# log_q_ind[4]:
-0.614009579371
# log_q_ind[5]:
-6.23093017259
# log_q_ind[6]:
-8.50607884349
# log_q_ind[7]:
-0.577998468614
# log_q_power_ind[1]:
0.00000000000
# log_q_power_ind[2]:
0.00000000000
# log_q_power_ind[3]:
0.00000000000
# log_q_power_ind[4]:
0.00000000000
# log_q_power_ind[5]:
0.00000000000
# log_q_power_ind[6]:
0.00000000000
# log_q_power_ind[7]:
0.00000000000
# log_rw_q_ind[1]:
 -1.15888551689
# log_rw_q_ind[3]:
 -0.196857033243
# log_selcoffs_ind[1]:
 -3.38778077577 -2.21771209390 -1.09952509141 -0.234089651036 0.233597166883 0.414867367723 0.420148014908 0.385065788305 0.381719576843 0.404820928093
 -3.36051342048 -2.44951725160 -1.56985855102 -0.761697099200 -0.0917482509901 0.356351818886 0.537455633642 0.558046006682 0.535907927865 0.528068951723
# log_selcoffs_ind[2]:
 -0.569928588890 -0.0203584729184 0.323649724403 0.414932998726 0.254490677431 0.0499728482156 -0.105471228382 -0.203659645043 -0.267295637471 -0.306497599130
 -0.169014457771 0.0648717660985 0.187361367738 0.272546441610 0.244454041671 0.121565270700 -0.0520918810269 -0.215346828832 -0.326587883078 -0.376816240325
# log_selcoffs_ind[3]:
 -0.202940821038 0.0202027052767 0.0202027052767 0.0202027052767 0.0202027052767 0.0202027052767 0.0202027052767 0.0202027052767 0.0202027052767 0.0202027052767
# log_selcoffs_ind[4]:
 -2.78700425849 -1.77002979037 -0.890689867732 -0.325806225792 -0.0701831984811 0.106442464506 0.276680814184 0.443265044955 0.577734711988 0.658909871032
 -3.41177563667 -2.51640575962 -1.64043963521 -0.885410833418 -0.313532994603 0.105144116547 0.400716594462 0.609548482851 0.704040404822 0.734143970465
# log_selcoffs_ind[5]:
 -3.04452005677 -0.669616569639 0.101782682789 0.174353368097 0.174353368097 0.174353368097 0.174353368097 0.174353368097 0.174353368097 0.174353368097
# log_selcoffs_ind[6]:
 -3.04452005677 -0.669616569639 0.101782682789 0.174353368097 0.174353368097 0.174353368097 0.174353368097 0.174353368097 0.174353368097 0.174353368097
# log_selcoffs_ind[7]:
 -3.04452005677 -0.669616569639 0.101782682789 0.174353368097 0.174353368097 0.174353368097 0.174353368097 0.174353368097 0.174353368097 0.174353368097
# logsel_slope_ind[1]:
 0.00000000000 0.00000000000
# logsel_slope_ind[2]:
 0.00000000000 0.00000000000
# logsel_slope_ind[3]:
 0.00000000000
# logsel_slope_ind[4]:
 0.00000000000 0.00000000000
# logsel_slope_ind[5]:
 0.00000000000
# logsel_slope_ind[6]:
 0.00000000000
# logsel_slope_ind[7]:
 0.00000000000
# sel50_ind[1]:
 0.00000000000 0.00000000000
# sel50_ind[2]:
 0.00000000000 0.00000000000
# sel50_ind[3]:
 0.00000000000
# sel50_ind[4]:
 0.00000000000 0.00000000000
# sel50_ind[5]:
 0.00000000000
# sel50_ind[6]:
 0.00000000000
# sel50_ind[7]:
 0.00000000000
# logsel_p1_ind[1]:
 0.00000000000 0.00000000000
# logsel_p1_ind[2]:
 0.00000000000 0.00000000000
# logsel_p1_ind[3]:
 0.00000000000
# logsel_p1_ind[4]:
 0.00000000000 0.00000000000
# logsel_p1_ind[5]:
 0.00000000000
# logsel_p1_ind[6]:
 0.00000000000
# logsel_p1_ind[7]:
 0.00000000000
# sel_p2_ind[1]:
 0.00000000000 0.00000000000
# sel_p2_ind[2]:
 0.00000000000 0.00000000000
# sel_p2_ind[3]:
 0.00000000000
# sel_p2_ind[4]:
 0.00000000000 0.00000000000
# sel_p2_ind[5]:
 0.00000000000
# sel_p2_ind[6]:
 0.00000000000
# sel_p2_ind[7]:
 0.00000000000
# logsel_p3_ind[1]:
 0.00000000000 0.00000000000
# logsel_p3_ind[2]:
 0.00000000000 0.00000000000
# logsel_p3_ind[3]:
 0.00000000000
# logsel_p3_ind[4]:
 0.00000000000 0.00000000000
# logsel_p3_ind[5]:
 0.00000000000
# logsel_p3_ind[6]:
 0.00000000000
# logsel_p3_ind[7]:
 0.00000000000
