# Number of parameters = 1695 Objective function value = 1465.19465854683  Maximum gradient component = 0.0163012063607450
# Mest[1]:
0.230000000000
# log_Linf[1]:
4.30945594184
# log_k[1]:
-1.83258146375
# log_Lo[1]:
2.89037175790
# log_sdage[1]:
-2.40794560865
# mean_log_rec[1]:
9.61115035137
# steepness[1]:
0.650000000000
# log_Rzero[1]:
9.45093795513
# rec_dev:
 -0.438836686638 -0.511865362027 -0.591400071763 -0.678176583600 -0.769810023656 -0.862714158695 -0.831272392012 -0.836755505441 -0.685031382494 -0.629359768691 -0.548221806753 -0.384426508172 -0.421265166114 -0.375253331032 -0.330420876118 -0.131045730820 0.206770081850 0.377720437665 0.343792389947 0.381813001715 0.384318960905 0.424858291746 0.621948372832 0.774785185568 0.581436912581 1.06800685629 1.25868546228 0.664173322191 0.598840560996 0.774209685703 0.633710602474 0.717497597978 0.350710382396 0.381585434088 0.0332182835907 -0.0311022763841 0.239372711246 0.345816211215 0.648312581180 0.594929536357 0.760406400738 0.794268970404 0.381924506418 -0.00150502790508 -0.566029097363 -0.539408502972 -0.789425291869 -0.764685426451 -1.14551266818 -1.25709187167 -0.682489948041 -0.465526821798 -1.04102732142 -0.538521809386 -0.673743633051 -0.391391196538 -0.388287534421 0.0344849603753 0.911952887660 0.819999646575 0.299708191436 -0.0545201877479 0.0368848628108
# log_sigmar[1]:
-0.510825623766
# fmort:
 0.00993833388153 0.0147383665354 0.00674560863985 0.00861513561301 0.0167762370486 0.0208624601722 0.0255268632652 0.0222657523472 0.0439888554044 0.0369709931384 0.0254461560377 0.0375786597132 0.0725739703169 0.0280975755408 0.0654604334596 0.0441454056398 0.00436000660621 0.0206766451960 0.0175112930729 0.0157972532021 0.0142732719796 0.0173028028859 0.0175846973848 0.0205463869669 0.0141146458804 0.0194119158863 0.0352533046133 0.0144138952672 0.00415610870882 0.00654012835689 0.00992589017426 0.0197411503911 0.00840510675569 0.0117148526422 0.0127995377371 0.0202387102260 0.0248536421793 0.0341867507033 0.0468251729595 0.0475293738846 0.0669930938169 0.0109864920934 0.00427718707987 0.00528907354802 0.00576599752851 0.00716260668069 0.00560159670731 0.00819637971058 0.00259274306950 0.00166783663939 0.00455541690083 0.00344886455476
 0.00128194640081 0.00197573070762 0.00303221285038 0.00505518354386 0.00365874802130 0.00665580383870 0.00866576428065 0.0127935931532 0.0208474806118 0.0260116929335 0.0238518490243 0.0480117586904 0.0667114475078 0.0542453630875 0.0721606056307 0.101565970070 0.113568370139 0.152467792392 0.210208199813 0.221088239832 0.225569839863 0.292756711970 0.396140668796 0.379297350710 0.479503211843 0.591075918916 0.540863289924 0.567261190910 0.350872464185 0.234739652253 0.174414732809 0.200370929152 0.193606494081 0.177108523030 0.173804577980 0.175267576601 0.188255446801 0.229409385261 0.196041961620 0.252050043995 0.135801692501 0.0952634078328 0.0905406027251 0.0700215247803 0.0618140303234 0.0634120526424 0.0708316679681 0.0672914510556 0.0754563364116 0.0734271716766 0.0676335519546 0.0637952029508
 0.000196421586406 0.000367939169064 0.000818433613166 0.00176247071460 0.00532962445009 0.00155481950700 0.00185707452415 0.0161315632613 0.0106253052997 0.00858541489540 0.0105250585565 0.0105690139182 0.00341507217455 0.00253513865939 0.00346720042251 0.00189666496594 0.000736573042368 0.000673691042268 0.00377743965910 0.00490206562111 0.00583921058360 0.00349648892419 0.00189366824539 0.00284949042309 0.00534752821023 0.0182613351246 0.0206378219256 0.0285083261202 0.0162050521691 0.00646623010082 0.00812008444726 0.0218749988413 0.00396889889332 0.00718129494633 0.00696942382227 0.00372410700953 0.0156435181650 0.0181537018134 0.0140081757576 0.00772251477670 0.00258200773635 0.0271800800718 0.0120607462776 0.00514805652689 0.00446974749691 0.00145960326845 0.000852940805217 0.000412101719404 0.00157902304680 0.00222439701247 0.00193311286002 0.00178330277070
 1.73749903354e-13 1.86795023893e-13 0.000485747683535 2.04558592287e-13 2.09554595898e-13 2.15383266777e-13 3.16575145515e-06 0.000217495181347 0.00456441829779 0.0284437890471 0.0255529614240 0.0326116639068 0.0740100644238 0.0867442815750 0.114519773227 0.0927406955317 0.0880715182786 0.0915762555802 0.0945381873609 0.0805487296357 0.0681662480283 0.0432245318585 0.00369686015933 2.16215934046e-13 2.21211937657e-13 2.84772205816e-13 3.37785355242e-13 5.09314812547e-13 6.15063555642e-13 3.03728209944e-06 0.000607051046651 0.00438955205674 0.0135323416015 0.0259269100795 0.0452130756242 0.0377538005958 0.0564407825493 0.0853319778966 0.105779245915 0.137793476128 0.120309913069 0.0302191302016 0.0195931433989 0.0192165563721 0.0202543390892 0.0255456058239 0.0152701253156 0.0114199373057 0.00813054323712 0.00735881732116 0.000548759392641 0.00552652186942
# log_selcoffs_fsh[1]:
 -4.84617517526 -3.68946386266 -2.43419811535 -1.19577926954 -0.253591417176 0.528486545838 1.09393303396 0.875481701443 -0.330419768479
 -4.53033942769 -3.28080783147 -1.96130434905 -0.797964208273 -0.145268326933 0.476942681374 0.957481936502 0.788187883750 0.0771821683856
 -4.19770096585 -2.91910966563 -1.69467635231 -0.685957012794 0.00707822664765 0.550260557707 0.832503382057 0.656566503180 0.243484065282
 -3.82054623603 -2.42965783712 -1.27871129408 -0.506562567076 -0.0591897727602 0.399483793072 0.772210063878 0.680698847851 0.361633765164
 -3.62856781306 -2.15909556207 -0.740461687108 0.0272891537601 0.214614848227 0.327639874765 0.487674531247 0.489427517040 0.382863147723
 -3.47272128993 -2.12619025125 -0.834818360432 0.107813014973 0.513233599102 0.474788396913 0.354843086743 0.285508288674 0.236754559412
 -3.29231018963 -2.06180840343 -1.00784699898 -0.129508423647 0.583939623328 0.719873355655 0.406781420292 0.160397116027 0.0665953705446
 -3.09125106360 -1.83187523274 -0.916819184363 -0.153892616405 0.558972273104 0.781323533269 0.424143528940 0.108345978932 -0.0394276556154
 -2.92539954892 -1.62459222205 -0.490651979172 0.0755931154445 0.422402118084 0.621185183678 0.482420997557 0.130145996534 -0.0911581842130
 -2.75261795717 -1.30682311386 -0.130439014259 0.212619446197 0.435110913959 0.540216978590 0.342640488580 0.0303629475085 -0.162598485036
 -2.59171927636 -0.944591095782 0.527628702448 0.475428313107 0.285159272331 0.204916704738 0.0374120638297 -0.148490848083 -0.254719883070
 -2.42695018979 -0.677932437481 0.480550419494 0.529393567855 0.433016983915 0.181521357000 -0.115338244120 -0.286738058299 -0.347507556255
 -2.34996389710 -0.611664027501 0.539840841571 0.712930058918 0.400053739821 0.0408883834968 -0.256906285730 -0.413623048858 -0.449174045135
 -2.31085282877 -0.713412791247 0.541168070408 0.882019913201 0.377738368971 -0.0654400715502 -0.362044763594 -0.505185388548 -0.541652381674
 -2.48408182035 -0.886702529586 0.630052452740 0.933077327055 0.356840806229 -0.110588534917 -0.411152398786 -0.572984888072 -0.627893820033
 -2.46385247535 -0.905484409699 0.666494565142 0.837577451235 0.431847657161 -0.0324523391711 -0.390409458528 -0.587950953045 -0.669482709388
 -2.26266256393 -0.690647762046 0.753351835013 0.762430361166 0.355547909455 -0.0428316705699 -0.377049806145 -0.589242439245 -0.690302720661
 -1.90700444184 -0.383652896108 0.538225941865 0.797607219169 0.428846518946 -0.0335460195946 -0.378216460985 -0.592221805475 -0.700685376412
 -1.76006099381 -0.339088194144 0.826232106917 0.743450209461 0.222278284795 -0.161988504485 -0.452957257544 -0.649610141372 -0.754367720657
 -1.51981911399 -0.208078338635 0.802069374548 0.726014686215 0.254634997868 -0.186721372939 -0.502105012804 -0.699680306921 -0.797481935785
 -1.45258409598 -0.105483246486 0.873452072064 0.729245370406 0.182460900600 -0.269849361411 -0.590675234649 -0.779867468902 -0.864211525724
 -1.41988557334 -0.183916080677 0.669790375293 0.966792489703 0.297481609581 -0.355955874986 -0.712498670004 -0.879838373604 -0.939831009056
 -1.35992704797 0.0500385051797 0.910280519908 0.799198860588 0.138323008014 -0.447628873666 -0.804889155732 -0.961794587683 -1.00403333256
 -1.45067044568 -0.163169418386 0.866383080765 1.02485970538 0.0727950527342 -0.552729014255 -0.897726654981 -1.04597566855 -1.07466927208
 -1.50821520726 -0.147207629700 0.901552711676 0.983984496251 0.111988005921 -0.535991030300 -0.912363591143 -1.07777440641 -1.10398597720
 -1.46606439940 0.191179281405 0.742626722918 0.851935784629 0.230449237731 -0.347877222711 -0.814667143911 -1.02813447704 -1.05828212855
 -1.57685931257 -0.187203902969 0.614403098143 0.951008434340 0.340868088439 -0.189183813950 -0.669009973190 -0.912758534794 -0.968115590532
 -1.48462101800 0.00495796949852 0.414764151920 0.804028053214 0.435697253382 -0.0552212716619 -0.497618693354 -0.743513585489 -0.811546287154
 -1.21278876872 0.205779323687 0.541578751687 0.583916554070 0.262466367251 -0.0906325598095 -0.398274320027 -0.584821282420 -0.653510276158
 -1.20113424600 -0.00561564894635 0.385814196411 0.779117516125 0.229974626676 -0.144593986929 -0.351140635362 -0.464383568179 -0.514099512778
 -1.06954080998 0.467683483735 0.513774832972 0.218485642264 0.00394013585660 -0.126415078223 -0.226106870310 -0.296214992425 -0.330862323355
 -1.10116098670 0.524448164689 0.168222242972 0.129661134027 0.0345298281426 -0.0362451223452 -0.0857322282827 -0.126460750969 -0.153429447637
 -1.41953364951 -0.609360509477 -0.0853073479817 0.473939859104 0.371564757297 0.162314663393 0.0614115437472 0.0171554932525 -0.0170826615737
 -1.83453950793 -1.01511879354 -0.330206862220 0.232249185173 0.307774785987 0.380302481515 0.290897217955 0.191611738630 0.118490033512
 -1.88706392512 -0.907564517640 -0.371700116624 0.256104994263 0.289517128947 0.268481089994 0.266094183940 0.235124685919 0.223020298589
 -1.33295976558 -0.616006134382 -0.732599590770 -0.314695743126 0.0550846089393 0.323918126983 0.428176838295 0.426110594771 0.392465552460
 -1.22751344383 -1.38577501198 -1.28336290189 -0.560672207241 0.00412307246498 0.468689740793 0.602883999921 0.514435823810 0.409997614461
 -1.63238179452 -1.71824834302 -1.52359536216 -0.698534820167 0.0751313906874 0.581373474688 0.666826807474 0.546805884475 0.313076100181
# log_selcoffs_fsh[2]:
 -6.49657088344 -5.03458498115 -3.56552577432 -1.93602459426 -0.548751145013 0.351175478567 1.00212018075 1.13029664579 0.486654259413 -0.984766260822
 -6.41062103328 -4.95284690292 -3.45004442418 -2.01948213582 -0.842435210913 0.213205084883 0.989121555137 1.17258477486 0.503203124081 -0.535610977186
 -6.29317350002 -4.88250818176 -3.47296682682 -2.12017641022 -0.990567322211 0.0757283389261 0.943911649918 1.15351539390 0.592206403361 -0.171738266169
 -6.14318567886 -4.74933571859 -3.43105935734 -2.19963066695 -1.14218164324 -0.154573619630 0.796360291244 1.15328321709 0.743495215112 0.166180914477
 -5.99375792875 -4.53556673680 -3.21122246271 -2.15280218465 -1.28489218431 -0.388324756115 0.611827187078 1.09762505569 0.877262444355 0.488764642389
 -5.84855809849 -4.48924456327 -3.15040521047 -1.90766557269 -1.07572494799 -0.483848469969 0.291920434335 0.910856949847 1.00269279689 0.826850906978
 -5.71036413294 -4.44745836414 -3.22454601201 -2.07648130581 -1.07539773037 -0.322903832983 0.219592783319 0.691865858072 0.972564418559 1.05323270470
 -5.59811195924 -4.38219965715 -3.24604557658 -2.21308743560 -1.25212914101 -0.459270569026 0.210914054138 0.635529878166 0.941463212616 1.17288726458
 -5.52421449115 -4.28974742044 -3.13693992491 -2.18829284808 -1.39291269738 -0.621122394696 0.141492631815 0.694441470211 0.954664605733 1.19049413541
 -5.43303836229 -4.14758442715 -2.95128128128 -1.95839618196 -1.21022884527 -0.617345361565 -0.0566831437148 0.584368486200 0.980739777139 1.26519617295
 -5.35579758135 -3.96124826026 -2.62224897486 -1.53721844324 -0.870410060230 -0.429657552383 -0.0160624392542 0.407508535486 0.880785694793 1.31350373188
 -5.33883534650 -3.80949884883 -2.36871616666 -1.17261690925 -0.610035686535 -0.250183713639 0.00601169420724 0.371360849909 0.878786856791 1.21911186575
 -5.35086227113 -3.64948408284 -2.02037982023 -0.732539970203 -0.245980815520 0.0406315832416 0.165867041634 0.337880690296 0.715062299026 1.06672623709
 -5.37792863799 -3.48468142952 -1.67515486352 -0.477991917952 0.111549485276 0.242106892058 0.235913974846 0.328233454018 0.571685583760 0.849999066608
 -5.37988265251 -3.30488291441 -1.36062939519 -0.0896527308927 0.348906925784 0.313898361337 0.169271768743 0.223871072223 0.464982136048 0.680231587083
 -5.34721142144 -3.12304083187 -1.04602647070 0.0765020498668 0.334336178372 0.289601565855 0.175045718013 0.214805914028 0.415922962764 0.610190023195
 -5.33127936138 -3.06643355382 -0.926413868509 0.0800534951333 0.356824336604 0.331496839942 0.195080929248 0.193566457405 0.370851076423 0.570683227635
 -5.32407573451 -3.23368457697 -1.24653092111 0.0818795563164 0.491556001815 0.433875112637 0.219203959101 0.161093615230 0.307884418929 0.485127038380
 -5.29039009248 -3.35559055427 -1.51985060400 -0.156289172172 0.559073929316 0.519857231046 0.259471498198 0.167934062388 0.299985841848 0.486265978020
 -5.22590682041 -3.40220474764 -1.65570571854 -0.322326083322 0.350343090857 0.476160200500 0.302615272626 0.242825966406 0.409977202431 0.632040750841
 -5.19310996669 -3.49216059203 -1.88296060617 -0.554660604378 0.227346683399 0.486302704017 0.374452071552 0.282150856660 0.450317735130 0.696672656930
 -5.19452092769 -3.57908107169 -2.06923570413 -0.857854707200 0.0267551321325 0.510563247930 0.486253941298 0.369200328721 0.491691349953 0.700610941264
 -5.21266056151 -3.64847956105 -2.23106668920 -1.07061142270 -0.214726997166 0.491933935329 0.537467361467 0.455005739197 0.556587448367 0.714671171321
 -5.28117133147 -3.70037919693 -2.24979864994 -1.08540989837 -0.344432616506 0.246663220159 0.583847276811 0.554046964348 0.648305681487 0.738666566858
 -5.35621923188 -3.73048448376 -2.15433351206 -0.819955441383 -0.202689031151 0.0699129023533 0.363227829500 0.581720734451 0.699527640080 0.826822042653
 -5.46480354101 -3.77823200797 -2.23600992593 -0.917941724969 -0.167020996860 0.279563793870 0.378370213139 0.483619174721 0.656075159626 0.828068814480
 -5.67410099742 -3.94260405889 -2.24168616271 -0.834916681255 -0.0513853775767 0.426498507642 0.504836835741 0.473284627245 0.549790024839 0.673107476650
 -5.86696350704 -4.11892652086 -2.28770143707 -0.548349613500 0.148415031581 0.496810546632 0.480889036807 0.399159670469 0.523553184599 0.531769194565
 -6.03497634170 -4.30761188740 -2.55349100366 -0.857492291003 0.0901241845759 0.753683050487 0.607976707402 0.386004358836 0.477519785798 0.294989053889
 -6.18500454224 -4.41947842125 -2.70160263181 -1.03547924985 0.290521551179 0.876897956454 0.761539315502 0.389592234614 0.172413156463 0.0169266313180
 -6.27764446857 -4.41734669701 -2.56143634655 -0.874997327080 0.264742173681 0.854486248391 0.769012806805 0.397499588530 0.148902334055 0.0319285190696
 -6.32444154898 -4.35315085928 -2.38014303027 -0.681687876051 0.172236368507 0.507444503093 0.719346890403 0.565739552910 0.360134184393 0.255168752505
 -6.35242403029 -4.29912606182 -2.16131362599 -0.468502252430 0.0140099957734 0.127178802763 0.466915332093 0.698080855489 0.622326350130 0.485889305910
 -6.39938888822 -4.39245872749 -2.39321226237 -0.717538750530 0.0143321006660 0.362059716303 0.482813217717 0.611402638528 0.604059990561 0.508494496810
 -6.42464760892 -4.49837059649 -2.52440415387 -0.939343813869 -0.164699112530 0.280291948705 0.587238243296 0.638001533001 0.621485207226 0.582884582514
 -6.43166072556 -4.69553785956 -2.93363192734 -1.22196680840 -0.239860994010 0.281207761251 0.594909084552 0.707118200624 0.643065576991 0.580329515509
 -6.43118987068 -4.87198443338 -3.32309994785 -1.71035715106 -0.524844976530 0.189054091975 0.683971337601 0.792815625475 0.733524781928 0.530855838142
 -6.40571952326 -4.92401714411 -3.49255973051 -2.08313044124 -0.901166002800 0.00711548846361 0.629843117068 0.920234204229 0.825997098942 0.560488198622
 -6.37913779024 -4.90860688358 -3.48182325901 -2.14709858396 -0.978142149444 -0.0196629571574 0.630857687765 0.891407167929 0.836610788940 0.620844744006
# log_selcoffs_fsh[3]:
 -0.916220187269 -0.0999103553529 1.17433384757 0.427815878372 -0.683799157964 -1.42278932037 -1.71798916185
 -1.15649504088 -0.122401584136 1.19927415495 0.439881929321 -0.677025616742 -1.41698570838 -1.71580741599
 -0.591071811703 -0.165045268061 1.10972328676 0.453872690606 -0.612798282550 -1.35035035140 -1.66329709591
 -1.48477350664 -0.287547388374 1.24012622236 0.440672078536 -0.600936859760 -1.31213560826 -1.62962888194
 -1.88170050394 -0.206345379866 1.18071135091 0.495382091754 -0.472128695019 -1.20254958317 -1.55021909492
 -1.97113335480 -0.501133157766 0.973728592478 0.801350985504 -0.224677274155 -1.06448961490 -1.44888748613
 -1.68709726333 -0.428893675132 0.758709112528 0.933093095586 -0.133955674835 -1.01077536341 -1.39727115629
 -1.32409409471 0.564206585715 0.829502123423 0.337723485911 -0.370200435335 -1.06044352219 -1.40618842815
 -1.39182529131 0.636908922086 0.895577096833 0.221870124642 -0.483070554483 -1.12881924528 -1.49927412641
 -1.59108191549 0.312931832827 0.996668107443 0.479464702179 -0.481927545101 -1.23039277282 -1.63656485094
 -1.85254808704 -0.381855752107 0.900117858669 0.901235467122 -0.256643147672 -1.23066307183 -1.75857798838
 -1.81479309090 -0.341703894361 0.825032612924 0.935972938188 -0.177279974526 -1.22705833675 -1.80653196327
 -1.66061239422 -0.106634025604 1.01735646204 0.709139385380 -0.379250824755 -1.31904537476 -1.82483869479
 -1.42247130733 0.586851246974 0.995608559925 0.278125635570 -0.645082201166 -1.40627490498 -1.80868973411
 -1.47236584462 0.225981914711 1.17989783204 0.326324487888 -0.743536925104 -1.46663895676 -1.76592092908
 -1.47940218718 0.259311685847 1.25030308255 0.176306006051 -0.919588733782 -1.54538502695 -1.71439958330
 -1.27456415217 0.579658364249 1.11902664969 0.0778717640351 -0.977858746543 -1.51493026810 -1.62850173773
 -1.18844261724 0.632658057804 1.08741306141 0.00774189587910 -0.936592596928 -1.44066678649 -1.56253581195
 -0.698057139728 1.08161556812 0.645137218019 -0.210964819368 -0.961015982898 -1.41028804475 -1.55883971297
 -0.533393632653 1.19996580108 0.509657013558 -0.407758511091 -1.08743682463 -1.47822855498 -1.61744276344
 -0.322691751875 1.16390742257 0.571349034097 -0.473031891871 -1.21202357212 -1.59615725997 -1.71842512602
 -0.390080486693 1.14267383135 0.676100624272 -0.505096355260 -1.32066627960 -1.69728383773 -1.78333527760
 -0.211954183377 0.859945681696 0.979904473686 -0.535987924888 -1.43151810981 -1.76519502151 -1.78038209038
 -0.145794026016 1.07891888355 0.716858824671 -0.536592525699 -1.42358803862 -1.80584536768 -1.85626322954
 -0.335974874932 0.573802915009 1.09661930937 -0.0999052938913 -1.21069905532 -1.77300730500 -1.94076565755
 -0.0827007850808 0.705714987180 0.640126884102 0.292271651918 -0.738454144552 -1.57984722507 -2.00967431221
 -0.875322339308 0.765056042018 0.865815810274 0.159085250621 -0.638231614145 -1.45969292527 -2.08552681329
 -1.38221734841 0.278430337729 1.15448302120 0.359902099314 -0.699352589475 -1.55218793366 -2.17453415458
 -1.52296784386 0.0346107374465 1.24993882851 0.413779218663 -0.771106868201 -1.72205863906 -2.27430648392
 -1.45511105043 0.252268186199 0.827954127725 0.872844561076 -0.629235629922 -1.78396218010 -2.33953787786
 -1.40329463416 1.05698264287 0.745685123839 0.116487462162 -0.919973780741 -1.85906094749 -2.39951131314
 -1.64510194657 0.580097428964 1.21247614629 0.0738471838243 -1.03205770026 -1.94403658499 -2.48945010086
 -1.90451071144 -0.107846909195 1.39453763502 0.293907415255 -1.00817062034 -2.00284699193 -2.54168165819
 -1.82669125237 -0.0624031784016 1.08835969114 0.822214031042 -0.821865074536 -1.99395446750 -2.54018027069
 -1.65566727147 0.0793332351166 1.34549281751 0.280263710589 -1.04738225112 -2.02545120955 -2.52418430790
 -1.19323939711 1.09849682987 0.841721999236 -0.151369495847 -1.18756476992 -2.03916692822 -2.49957977805
 -1.07469240609 1.02118077321 0.951797315442 -0.221314023180 -1.27865016355 -2.05090287037 -2.48568790028
 -0.878286981927 1.05739189395 0.865715346653 -0.200613609823 -1.21950972030 -2.02676133921 -2.48192149175
 -1.12260012271 0.955639909774 0.928486212110 -0.0136608933554 -1.08903512981 -1.97903109388 -2.49638705370
 -1.40490081364 0.270745517787 1.27314739327 0.230487793796 -0.950304356366 -1.93294201245 -2.51293131887
 -1.60081059669 -0.0483914098888 1.26106689300 0.476818996220 -0.753148834290 -1.86779451975 -2.52530172023
 -1.70696937507 -0.256726221298 0.902651538478 0.996926526401 -0.468360218379 -1.80897955864 -2.53726350153
# log_selcoffs_fsh[4]:
 -5.95911109391 -4.80275470355 -3.62148929507 -2.38159551542 -1.09716370632 0.100317144977 0.953334559172 1.11834523958 0.574697846208
 -5.94674245716 -4.78333801326 -3.58925976478 -2.29830502065 -0.965205473252 0.194538400204 0.961135399772 1.05441169661 0.576818502104
 -5.91134096874 -4.74439899688 -3.55516895830 -2.29875383243 -0.988938269726 0.174329028776 0.945346661424 1.06095811808 0.606700305442
 -5.84536526857 -4.66675445936 -3.48619646867 -2.27816992759 -1.02977874346 0.106346186484 0.902576435563 1.07752066906 0.684099564596
 -5.77456223030 -4.56979961736 -3.37631348675 -2.20047199648 -0.998433399531 0.110401227812 0.867011257434 1.05231129652 0.747813672426
 -5.70142509369 -4.51060492877 -3.30799411532 -2.10678958370 -0.984881629019 0.0434779116107 0.820044532339 1.06717365505 0.802798232622
 -5.61094104036 -4.43398447241 -3.24139433365 -2.02480469175 -0.909700112488 0.0612083464428 0.791246037021 1.02807023322 0.852614462797
 -5.49641242783 -4.31134480216 -3.15783982012 -1.98719016931 -0.881717112066 0.0366213408112 0.745127262848 1.02570094436 0.898434107226
 -5.37908538362 -4.15084747979 -3.02595442868 -1.98394952319 -0.956529326719 -0.00508573999518 0.730950932968 1.01885550883 0.942882654594
 -5.26454751897 -4.04459426225 -2.86881903848 -1.79377921833 -0.873181657406 -0.0321234397842 0.645208827409 0.995157810208 1.01402386150
 -5.17376905167 -3.95460752996 -2.78413759378 -1.69720774981 -0.727364555855 0.0491178791607 0.617345972991 0.929985123182 1.03254261979
 -5.11118584611 -3.85350906866 -2.67649764250 -1.62380962748 -0.663583694046 0.138679897928 0.640039692268 0.890124147208 0.997343061741
 -5.06059687703 -3.71625679877 -2.46831781205 -1.45652216720 -0.632145213990 0.121580902537 0.670475732906 0.888644260183 0.956984106012
 -5.00177891680 -3.53478272028 -2.10238453105 -1.04830305473 -0.385389157091 0.129040561180 0.551185114872 0.832872682808 0.970121688003
 -4.92263658466 -3.37768279169 -1.85076209999 -0.710753978404 -0.138602103107 0.162936782501 0.435884338291 0.744025843109 0.960095369122
 -4.82308804587 -3.23184211010 -1.62333286674 -0.449973422573 -0.0586844363011 0.127161563952 0.368865974537 0.684642032578 0.959284171218
 -4.75085319987 -3.19077319820 -1.62347446134 -0.450885110005 -0.0459788601836 0.177377408290 0.393138328599 0.663576682026 0.933520345871
 -4.69288137342 -3.26716274393 -1.95217482204 -0.939634608392 -0.227791786764 0.352872957154 0.605149982393 0.695358856384 0.860606470631
 -4.59872733745 -3.28680575888 -2.09272166253 -1.15923383821 -0.428571075945 0.211821993557 0.615988141374 0.823144304226 0.915883624043
 -4.53854578132 -3.29134759452 -2.17222003927 -1.27837941142 -0.611114894988 0.0173985492606 0.619905641194 0.941755402433 0.946302578823
 -4.45769477743 -3.21321821401 -2.08879356062 -1.28765567766 -0.680100302093 -0.139140493769 0.463137039112 0.984739472460 1.06663762692
 -4.36543584790 -3.10710255390 -1.81023662692 -1.11433586638 -0.671135509106 -0.145656841211 0.363851099456 0.838595466283 1.20094445863
 -4.26799069222 -3.15569984026 -2.08074850776 -1.21400125699 -0.617664492002 -0.0613960597408 0.368477329565 0.794990412746 1.21844770071
 -4.12617543095 -3.06978437466 -2.10317534866 -1.27123384260 -0.620044850435 -0.0936803300558 0.324873271955 0.765435921310 1.26767698203
 -4.08141651770 -3.01956557043 -1.96399947921 -1.06380075968 -0.429087547696 0.130777870260 0.497723363726 0.780662195763 1.04032955267
 -3.88561108791 -2.77147989321 -1.58410691894 -0.831023027286 -0.445960109615 0.0255097185547 0.486777651061 0.806872176133 1.00874637110
 -3.58412280611 -2.57001383371 -1.52990022564 -0.779867102710 -0.353272241889 0.00564838599127 0.423027844792 0.805305362814 1.01111845131
 -3.13010501754 -2.22845276784 -1.37279054171 -0.714328725271 -0.328985552485 -0.0356978237169 0.241681914699 0.689864545956 1.14875150860
 -2.52975690004 -1.74985895544 -1.18183288191 -0.747268084544 -0.488383229396 -0.268842403939 0.117622135394 0.653223970033 1.26461287199
 -2.47951837072 -1.85334838507 -1.10731844190 -0.650570864189 -0.503900495218 -0.372291068912 0.00162356693862 0.658830785054 1.30286752865
 -1.97220510370 -1.45310237423 -1.30740838596 -1.03626052115 -0.741443246668 -0.487327885465 -0.0180807421393 0.665588000542 1.38211067935
 -1.52417873161 -0.927667707390 -1.11015342997 -1.24637371025 -1.00519920103 -0.613807883692 -0.0519061958223 0.688093599050 1.36687637861
 -1.44822540551 -1.10544302491 -1.11899480426 -1.18499513075 -1.01404672035 -0.614622993677 -0.00979910412824 0.733506115555 1.34165856153
# log_sel_spl_fsh[1]:
 0.00000000000 0.00000000000 0.00000000000 0.00000000000
 0.00000000000 0.00000000000 0.00000000000 0.00000000000
 0.00000000000 0.00000000000 0.00000000000 0.00000000000
 0.00000000000 0.00000000000 0.00000000000 0.00000000000
 0.00000000000 0.00000000000 0.00000000000 0.00000000000
 0.00000000000 0.00000000000 0.00000000000 0.00000000000
 0.00000000000 0.00000000000 0.00000000000 0.00000000000
 0.00000000000 0.00000000000 0.00000000000 0.00000000000
 0.00000000000 0.00000000000 0.00000000000 0.00000000000
 0.00000000000 0.00000000000 0.00000000000 0.00000000000
 0.00000000000 0.00000000000 0.00000000000 0.00000000000
 0.00000000000 0.00000000000 0.00000000000 0.00000000000
 0.00000000000 0.00000000000 0.00000000000 0.00000000000
 0.00000000000 0.00000000000 0.00000000000 0.00000000000
 0.00000000000 0.00000000000 0.00000000000 0.00000000000
 0.00000000000 0.00000000000 0.00000000000 0.00000000000
 0.00000000000 0.00000000000 0.00000000000 0.00000000000
 0.00000000000 0.00000000000 0.00000000000 0.00000000000
 0.00000000000 0.00000000000 0.00000000000 0.00000000000
 0.00000000000 0.00000000000 0.00000000000 0.00000000000
 0.00000000000 0.00000000000 0.00000000000 0.00000000000
 0.00000000000 0.00000000000 0.00000000000 0.00000000000
 0.00000000000 0.00000000000 0.00000000000 0.00000000000
 0.00000000000 0.00000000000 0.00000000000 0.00000000000
 0.00000000000 0.00000000000 0.00000000000 0.00000000000
 0.00000000000 0.00000000000 0.00000000000 0.00000000000
 0.00000000000 0.00000000000 0.00000000000 0.00000000000
 0.00000000000 0.00000000000 0.00000000000 0.00000000000
 0.00000000000 0.00000000000 0.00000000000 0.00000000000
 0.00000000000 0.00000000000 0.00000000000 0.00000000000
 0.00000000000 0.00000000000 0.00000000000 0.00000000000
 0.00000000000 0.00000000000 0.00000000000 0.00000000000
 0.00000000000 0.00000000000 0.00000000000 0.00000000000
 0.00000000000 0.00000000000 0.00000000000 0.00000000000
 0.00000000000 0.00000000000 0.00000000000 0.00000000000
 0.00000000000 0.00000000000 0.00000000000 0.00000000000
 0.00000000000 0.00000000000 0.00000000000 0.00000000000
 0.00000000000 0.00000000000 0.00000000000 0.00000000000
# log_sel_spl_fsh[2]:
 0.00000000000 0.00000000000 0.00000000000 0.00000000000
 0.00000000000 0.00000000000 0.00000000000 0.00000000000
 0.00000000000 0.00000000000 0.00000000000 0.00000000000
 0.00000000000 0.00000000000 0.00000000000 0.00000000000
 0.00000000000 0.00000000000 0.00000000000 0.00000000000
 0.00000000000 0.00000000000 0.00000000000 0.00000000000
 0.00000000000 0.00000000000 0.00000000000 0.00000000000
 0.00000000000 0.00000000000 0.00000000000 0.00000000000
 0.00000000000 0.00000000000 0.00000000000 0.00000000000
 0.00000000000 0.00000000000 0.00000000000 0.00000000000
 0.00000000000 0.00000000000 0.00000000000 0.00000000000
 0.00000000000 0.00000000000 0.00000000000 0.00000000000
 0.00000000000 0.00000000000 0.00000000000 0.00000000000
 0.00000000000 0.00000000000 0.00000000000 0.00000000000
 0.00000000000 0.00000000000 0.00000000000 0.00000000000
 0.00000000000 0.00000000000 0.00000000000 0.00000000000
 0.00000000000 0.00000000000 0.00000000000 0.00000000000
 0.00000000000 0.00000000000 0.00000000000 0.00000000000
 0.00000000000 0.00000000000 0.00000000000 0.00000000000
 0.00000000000 0.00000000000 0.00000000000 0.00000000000
 0.00000000000 0.00000000000 0.00000000000 0.00000000000
 0.00000000000 0.00000000000 0.00000000000 0.00000000000
 0.00000000000 0.00000000000 0.00000000000 0.00000000000
 0.00000000000 0.00000000000 0.00000000000 0.00000000000
 0.00000000000 0.00000000000 0.00000000000 0.00000000000
 0.00000000000 0.00000000000 0.00000000000 0.00000000000
 0.00000000000 0.00000000000 0.00000000000 0.00000000000
 0.00000000000 0.00000000000 0.00000000000 0.00000000000
 0.00000000000 0.00000000000 0.00000000000 0.00000000000
 0.00000000000 0.00000000000 0.00000000000 0.00000000000
 0.00000000000 0.00000000000 0.00000000000 0.00000000000
 0.00000000000 0.00000000000 0.00000000000 0.00000000000
 0.00000000000 0.00000000000 0.00000000000 0.00000000000
 0.00000000000 0.00000000000 0.00000000000 0.00000000000
 0.00000000000 0.00000000000 0.00000000000 0.00000000000
 0.00000000000 0.00000000000 0.00000000000 0.00000000000
 0.00000000000 0.00000000000 0.00000000000 0.00000000000
 0.00000000000 0.00000000000 0.00000000000 0.00000000000
 0.00000000000 0.00000000000 0.00000000000 0.00000000000
# log_sel_spl_fsh[3]:
 0.00000000000 0.00000000000 0.00000000000 0.00000000000
 0.00000000000 0.00000000000 0.00000000000 0.00000000000
 0.00000000000 0.00000000000 0.00000000000 0.00000000000
 0.00000000000 0.00000000000 0.00000000000 0.00000000000
 0.00000000000 0.00000000000 0.00000000000 0.00000000000
 0.00000000000 0.00000000000 0.00000000000 0.00000000000
 0.00000000000 0.00000000000 0.00000000000 0.00000000000
 0.00000000000 0.00000000000 0.00000000000 0.00000000000
 0.00000000000 0.00000000000 0.00000000000 0.00000000000
 0.00000000000 0.00000000000 0.00000000000 0.00000000000
 0.00000000000 0.00000000000 0.00000000000 0.00000000000
 0.00000000000 0.00000000000 0.00000000000 0.00000000000
 0.00000000000 0.00000000000 0.00000000000 0.00000000000
 0.00000000000 0.00000000000 0.00000000000 0.00000000000
 0.00000000000 0.00000000000 0.00000000000 0.00000000000
 0.00000000000 0.00000000000 0.00000000000 0.00000000000
 0.00000000000 0.00000000000 0.00000000000 0.00000000000
 0.00000000000 0.00000000000 0.00000000000 0.00000000000
 0.00000000000 0.00000000000 0.00000000000 0.00000000000
 0.00000000000 0.00000000000 0.00000000000 0.00000000000
 0.00000000000 0.00000000000 0.00000000000 0.00000000000
 0.00000000000 0.00000000000 0.00000000000 0.00000000000
 0.00000000000 0.00000000000 0.00000000000 0.00000000000
 0.00000000000 0.00000000000 0.00000000000 0.00000000000
 0.00000000000 0.00000000000 0.00000000000 0.00000000000
 0.00000000000 0.00000000000 0.00000000000 0.00000000000
 0.00000000000 0.00000000000 0.00000000000 0.00000000000
 0.00000000000 0.00000000000 0.00000000000 0.00000000000
 0.00000000000 0.00000000000 0.00000000000 0.00000000000
 0.00000000000 0.00000000000 0.00000000000 0.00000000000
 0.00000000000 0.00000000000 0.00000000000 0.00000000000
 0.00000000000 0.00000000000 0.00000000000 0.00000000000
 0.00000000000 0.00000000000 0.00000000000 0.00000000000
 0.00000000000 0.00000000000 0.00000000000 0.00000000000
 0.00000000000 0.00000000000 0.00000000000 0.00000000000
 0.00000000000 0.00000000000 0.00000000000 0.00000000000
 0.00000000000 0.00000000000 0.00000000000 0.00000000000
 0.00000000000 0.00000000000 0.00000000000 0.00000000000
 0.00000000000 0.00000000000 0.00000000000 0.00000000000
 0.00000000000 0.00000000000 0.00000000000 0.00000000000
 0.00000000000 0.00000000000 0.00000000000 0.00000000000
 0.00000000000 0.00000000000 0.00000000000 0.00000000000
# log_sel_spl_fsh[4]:
 0.00000000000 0.00000000000 0.00000000000 0.00000000000
 0.00000000000 0.00000000000 0.00000000000 0.00000000000
 0.00000000000 0.00000000000 0.00000000000 0.00000000000
 0.00000000000 0.00000000000 0.00000000000 0.00000000000
 0.00000000000 0.00000000000 0.00000000000 0.00000000000
 0.00000000000 0.00000000000 0.00000000000 0.00000000000
 0.00000000000 0.00000000000 0.00000000000 0.00000000000
 0.00000000000 0.00000000000 0.00000000000 0.00000000000
 0.00000000000 0.00000000000 0.00000000000 0.00000000000
 0.00000000000 0.00000000000 0.00000000000 0.00000000000
 0.00000000000 0.00000000000 0.00000000000 0.00000000000
 0.00000000000 0.00000000000 0.00000000000 0.00000000000
 0.00000000000 0.00000000000 0.00000000000 0.00000000000
 0.00000000000 0.00000000000 0.00000000000 0.00000000000
 0.00000000000 0.00000000000 0.00000000000 0.00000000000
 0.00000000000 0.00000000000 0.00000000000 0.00000000000
 0.00000000000 0.00000000000 0.00000000000 0.00000000000
 0.00000000000 0.00000000000 0.00000000000 0.00000000000
 0.00000000000 0.00000000000 0.00000000000 0.00000000000
 0.00000000000 0.00000000000 0.00000000000 0.00000000000
 0.00000000000 0.00000000000 0.00000000000 0.00000000000
 0.00000000000 0.00000000000 0.00000000000 0.00000000000
 0.00000000000 0.00000000000 0.00000000000 0.00000000000
 0.00000000000 0.00000000000 0.00000000000 0.00000000000
 0.00000000000 0.00000000000 0.00000000000 0.00000000000
 0.00000000000 0.00000000000 0.00000000000 0.00000000000
 0.00000000000 0.00000000000 0.00000000000 0.00000000000
 0.00000000000 0.00000000000 0.00000000000 0.00000000000
 0.00000000000 0.00000000000 0.00000000000 0.00000000000
 0.00000000000 0.00000000000 0.00000000000 0.00000000000
 0.00000000000 0.00000000000 0.00000000000 0.00000000000
 0.00000000000 0.00000000000 0.00000000000 0.00000000000
 0.00000000000 0.00000000000 0.00000000000 0.00000000000
# logsel_slope_fsh[1]:
 0.00000000000 0.00000000000 0.00000000000 0.00000000000 0.00000000000 0.00000000000 0.00000000000 0.00000000000 0.00000000000 0.00000000000 0.00000000000 0.00000000000 0.00000000000 0.00000000000 0.00000000000 0.00000000000 0.00000000000 0.00000000000 0.00000000000 0.00000000000 0.00000000000 0.00000000000 0.00000000000 0.00000000000 0.00000000000 0.00000000000 0.00000000000 0.00000000000 0.00000000000 0.00000000000 0.00000000000 0.00000000000 0.00000000000 0.00000000000 0.00000000000 0.00000000000 0.00000000000 0.00000000000
# logsel_slope_fsh[2]:
 0.00000000000 0.00000000000 0.00000000000 0.00000000000 0.00000000000 0.00000000000 0.00000000000 0.00000000000 0.00000000000 0.00000000000 0.00000000000 0.00000000000 0.00000000000 0.00000000000 0.00000000000 0.00000000000 0.00000000000 0.00000000000 0.00000000000 0.00000000000 0.00000000000 0.00000000000 0.00000000000 0.00000000000 0.00000000000 0.00000000000 0.00000000000 0.00000000000 0.00000000000 0.00000000000 0.00000000000 0.00000000000 0.00000000000 0.00000000000 0.00000000000 0.00000000000 0.00000000000 0.00000000000 0.00000000000
# logsel_slope_fsh[3]:
 0.00000000000 0.00000000000 0.00000000000 0.00000000000 0.00000000000 0.00000000000 0.00000000000 0.00000000000 0.00000000000 0.00000000000 0.00000000000 0.00000000000 0.00000000000 0.00000000000 0.00000000000 0.00000000000 0.00000000000 0.00000000000 0.00000000000 0.00000000000 0.00000000000 0.00000000000 0.00000000000 0.00000000000 0.00000000000 0.00000000000 0.00000000000 0.00000000000 0.00000000000 0.00000000000 0.00000000000 0.00000000000 0.00000000000 0.00000000000 0.00000000000 0.00000000000 0.00000000000 0.00000000000 0.00000000000 0.00000000000 0.00000000000 0.00000000000
# logsel_slope_fsh[4]:
 0.00000000000 0.00000000000 0.00000000000 0.00000000000 0.00000000000 0.00000000000 0.00000000000 0.00000000000 0.00000000000 0.00000000000 0.00000000000 0.00000000000 0.00000000000 0.00000000000 0.00000000000 0.00000000000 0.00000000000 0.00000000000 0.00000000000 0.00000000000 0.00000000000 0.00000000000 0.00000000000 0.00000000000 0.00000000000 0.00000000000 0.00000000000 0.00000000000 0.00000000000 0.00000000000 0.00000000000 0.00000000000 0.00000000000
# sel50_fsh[1]:
 0.00000000000 0.00000000000 0.00000000000 0.00000000000 0.00000000000 0.00000000000 0.00000000000 0.00000000000 0.00000000000 0.00000000000 0.00000000000 0.00000000000 0.00000000000 0.00000000000 0.00000000000 0.00000000000 0.00000000000 0.00000000000 0.00000000000 0.00000000000 0.00000000000 0.00000000000 0.00000000000 0.00000000000 0.00000000000 0.00000000000 0.00000000000 0.00000000000 0.00000000000 0.00000000000 0.00000000000 0.00000000000 0.00000000000 0.00000000000 0.00000000000 0.00000000000 0.00000000000 0.00000000000
# sel50_fsh[2]:
 0.00000000000 0.00000000000 0.00000000000 0.00000000000 0.00000000000 0.00000000000 0.00000000000 0.00000000000 0.00000000000 0.00000000000 0.00000000000 0.00000000000 0.00000000000 0.00000000000 0.00000000000 0.00000000000 0.00000000000 0.00000000000 0.00000000000 0.00000000000 0.00000000000 0.00000000000 0.00000000000 0.00000000000 0.00000000000 0.00000000000 0.00000000000 0.00000000000 0.00000000000 0.00000000000 0.00000000000 0.00000000000 0.00000000000 0.00000000000 0.00000000000 0.00000000000 0.00000000000 0.00000000000 0.00000000000
# sel50_fsh[3]:
 0.00000000000 0.00000000000 0.00000000000 0.00000000000 0.00000000000 0.00000000000 0.00000000000 0.00000000000 0.00000000000 0.00000000000 0.00000000000 0.00000000000 0.00000000000 0.00000000000 0.00000000000 0.00000000000 0.00000000000 0.00000000000 0.00000000000 0.00000000000 0.00000000000 0.00000000000 0.00000000000 0.00000000000 0.00000000000 0.00000000000 0.00000000000 0.00000000000 0.00000000000 0.00000000000 0.00000000000 0.00000000000 0.00000000000 0.00000000000 0.00000000000 0.00000000000 0.00000000000 0.00000000000 0.00000000000 0.00000000000 0.00000000000 0.00000000000
# sel50_fsh[4]:
 0.00000000000 0.00000000000 0.00000000000 0.00000000000 0.00000000000 0.00000000000 0.00000000000 0.00000000000 0.00000000000 0.00000000000 0.00000000000 0.00000000000 0.00000000000 0.00000000000 0.00000000000 0.00000000000 0.00000000000 0.00000000000 0.00000000000 0.00000000000 0.00000000000 0.00000000000 0.00000000000 0.00000000000 0.00000000000 0.00000000000 0.00000000000 0.00000000000 0.00000000000 0.00000000000 0.00000000000 0.00000000000 0.00000000000
# logsel_p1_fsh[1]:
 0.00000000000 0.00000000000 0.00000000000 0.00000000000 0.00000000000 0.00000000000 0.00000000000 0.00000000000 0.00000000000 0.00000000000 0.00000000000 0.00000000000 0.00000000000 0.00000000000 0.00000000000 0.00000000000 0.00000000000 0.00000000000 0.00000000000 0.00000000000 0.00000000000 0.00000000000 0.00000000000 0.00000000000 0.00000000000 0.00000000000 0.00000000000 0.00000000000 0.00000000000 0.00000000000 0.00000000000 0.00000000000 0.00000000000 0.00000000000 0.00000000000 0.00000000000 0.00000000000 0.00000000000
# logsel_p1_fsh[2]:
 0.00000000000 0.00000000000 0.00000000000 0.00000000000 0.00000000000 0.00000000000 0.00000000000 0.00000000000 0.00000000000 0.00000000000 0.00000000000 0.00000000000 0.00000000000 0.00000000000 0.00000000000 0.00000000000 0.00000000000 0.00000000000 0.00000000000 0.00000000000 0.00000000000 0.00000000000 0.00000000000 0.00000000000 0.00000000000 0.00000000000 0.00000000000 0.00000000000 0.00000000000 0.00000000000 0.00000000000 0.00000000000 0.00000000000 0.00000000000 0.00000000000 0.00000000000 0.00000000000 0.00000000000 0.00000000000
# logsel_p1_fsh[3]:
 0.00000000000 0.00000000000 0.00000000000 0.00000000000 0.00000000000 0.00000000000 0.00000000000 0.00000000000 0.00000000000 0.00000000000 0.00000000000 0.00000000000 0.00000000000 0.00000000000 0.00000000000 0.00000000000 0.00000000000 0.00000000000 0.00000000000 0.00000000000 0.00000000000 0.00000000000 0.00000000000 0.00000000000 0.00000000000 0.00000000000 0.00000000000 0.00000000000 0.00000000000 0.00000000000 0.00000000000 0.00000000000 0.00000000000 0.00000000000 0.00000000000 0.00000000000 0.00000000000 0.00000000000 0.00000000000 0.00000000000 0.00000000000 0.00000000000
# logsel_p1_fsh[4]:
 0.00000000000 0.00000000000 0.00000000000 0.00000000000 0.00000000000 0.00000000000 0.00000000000 0.00000000000 0.00000000000 0.00000000000 0.00000000000 0.00000000000 0.00000000000 0.00000000000 0.00000000000 0.00000000000 0.00000000000 0.00000000000 0.00000000000 0.00000000000 0.00000000000 0.00000000000 0.00000000000 0.00000000000 0.00000000000 0.00000000000 0.00000000000 0.00000000000 0.00000000000 0.00000000000 0.00000000000 0.00000000000 0.00000000000
# sel_p2_fsh[1]:
 0.00000000000 0.00000000000 0.00000000000 0.00000000000 0.00000000000 0.00000000000 0.00000000000 0.00000000000 0.00000000000 0.00000000000 0.00000000000 0.00000000000 0.00000000000 0.00000000000 0.00000000000 0.00000000000 0.00000000000 0.00000000000 0.00000000000 0.00000000000 0.00000000000 0.00000000000 0.00000000000 0.00000000000 0.00000000000 0.00000000000 0.00000000000 0.00000000000 0.00000000000 0.00000000000 0.00000000000 0.00000000000 0.00000000000 0.00000000000 0.00000000000 0.00000000000 0.00000000000 0.00000000000
# sel_p2_fsh[2]:
 0.00000000000 0.00000000000 0.00000000000 0.00000000000 0.00000000000 0.00000000000 0.00000000000 0.00000000000 0.00000000000 0.00000000000 0.00000000000 0.00000000000 0.00000000000 0.00000000000 0.00000000000 0.00000000000 0.00000000000 0.00000000000 0.00000000000 0.00000000000 0.00000000000 0.00000000000 0.00000000000 0.00000000000 0.00000000000 0.00000000000 0.00000000000 0.00000000000 0.00000000000 0.00000000000 0.00000000000 0.00000000000 0.00000000000 0.00000000000 0.00000000000 0.00000000000 0.00000000000 0.00000000000 0.00000000000
# sel_p2_fsh[3]:
 0.00000000000 0.00000000000 0.00000000000 0.00000000000 0.00000000000 0.00000000000 0.00000000000 0.00000000000 0.00000000000 0.00000000000 0.00000000000 0.00000000000 0.00000000000 0.00000000000 0.00000000000 0.00000000000 0.00000000000 0.00000000000 0.00000000000 0.00000000000 0.00000000000 0.00000000000 0.00000000000 0.00000000000 0.00000000000 0.00000000000 0.00000000000 0.00000000000 0.00000000000 0.00000000000 0.00000000000 0.00000000000 0.00000000000 0.00000000000 0.00000000000 0.00000000000 0.00000000000 0.00000000000 0.00000000000 0.00000000000 0.00000000000 0.00000000000
# sel_p2_fsh[4]:
 0.00000000000 0.00000000000 0.00000000000 0.00000000000 0.00000000000 0.00000000000 0.00000000000 0.00000000000 0.00000000000 0.00000000000 0.00000000000 0.00000000000 0.00000000000 0.00000000000 0.00000000000 0.00000000000 0.00000000000 0.00000000000 0.00000000000 0.00000000000 0.00000000000 0.00000000000 0.00000000000 0.00000000000 0.00000000000 0.00000000000 0.00000000000 0.00000000000 0.00000000000 0.00000000000 0.00000000000 0.00000000000 0.00000000000
# logsel_p3_fsh[1]:
 0.00000000000 0.00000000000 0.00000000000 0.00000000000 0.00000000000 0.00000000000 0.00000000000 0.00000000000 0.00000000000 0.00000000000 0.00000000000 0.00000000000 0.00000000000 0.00000000000 0.00000000000 0.00000000000 0.00000000000 0.00000000000 0.00000000000 0.00000000000 0.00000000000 0.00000000000 0.00000000000 0.00000000000 0.00000000000 0.00000000000 0.00000000000 0.00000000000 0.00000000000 0.00000000000 0.00000000000 0.00000000000 0.00000000000 0.00000000000 0.00000000000 0.00000000000 0.00000000000 0.00000000000
# logsel_p3_fsh[2]:
 0.00000000000 0.00000000000 0.00000000000 0.00000000000 0.00000000000 0.00000000000 0.00000000000 0.00000000000 0.00000000000 0.00000000000 0.00000000000 0.00000000000 0.00000000000 0.00000000000 0.00000000000 0.00000000000 0.00000000000 0.00000000000 0.00000000000 0.00000000000 0.00000000000 0.00000000000 0.00000000000 0.00000000000 0.00000000000 0.00000000000 0.00000000000 0.00000000000 0.00000000000 0.00000000000 0.00000000000 0.00000000000 0.00000000000 0.00000000000 0.00000000000 0.00000000000 0.00000000000 0.00000000000 0.00000000000
# logsel_p3_fsh[3]:
 0.00000000000 0.00000000000 0.00000000000 0.00000000000 0.00000000000 0.00000000000 0.00000000000 0.00000000000 0.00000000000 0.00000000000 0.00000000000 0.00000000000 0.00000000000 0.00000000000 0.00000000000 0.00000000000 0.00000000000 0.00000000000 0.00000000000 0.00000000000 0.00000000000 0.00000000000 0.00000000000 0.00000000000 0.00000000000 0.00000000000 0.00000000000 0.00000000000 0.00000000000 0.00000000000 0.00000000000 0.00000000000 0.00000000000 0.00000000000 0.00000000000 0.00000000000 0.00000000000 0.00000000000 0.00000000000 0.00000000000 0.00000000000 0.00000000000
# logsel_p3_fsh[4]:
 0.00000000000 0.00000000000 0.00000000000 0.00000000000 0.00000000000 0.00000000000 0.00000000000 0.00000000000 0.00000000000 0.00000000000 0.00000000000 0.00000000000 0.00000000000 0.00000000000 0.00000000000 0.00000000000 0.00000000000 0.00000000000 0.00000000000 0.00000000000 0.00000000000 0.00000000000 0.00000000000 0.00000000000 0.00000000000 0.00000000000 0.00000000000 0.00000000000 0.00000000000 0.00000000000 0.00000000000 0.00000000000 0.00000000000
# rec_dev_future:
 0.00000000000 0.00000000000 0.00000000000 0.00000000000 0.00000000000 0.00000000000 0.00000000000 0.00000000000 0.00000000000 0.00000000000 0.00000000000 0.00000000000 0.00000000000 0.00000000000 0.00000000000 0.00000000000 0.00000000000 0.00000000000 0.00000000000 0.00000000000
# log_q_ind[1]:
-0.102644862064
# log_q_ind[2]:
-3.03573576027
# log_q_ind[3]:
-9.57560329170
# log_q_ind[4]:
-0.755203704340
# log_q_ind[5]:
-6.20256799604
# log_q_ind[6]:
-8.44804204476
# log_q_ind[7]:
-1.12628585260
# log_q_power_ind[1]:
0.00000000000
# log_q_power_ind[2]:
0.00000000000
# log_q_power_ind[3]:
0.00000000000
# log_q_power_ind[4]:
0.00000000000
# log_q_power_ind[5]:
0.00000000000
# log_q_power_ind[6]:
0.00000000000
# log_q_power_ind[7]:
0.00000000000
# log_rw_q_ind[1]:
 -1.20892717663
# log_rw_q_ind[3]:
 -0.396064453736
# log_selcoffs_ind[1]:
 -3.23132643049 -2.07726423676 -0.973889603110 -0.123453365409 0.324631993268 0.475669450482 0.435802397739 0.343369148182 0.280820325516 0.263154547015
 -3.16726048011 -2.26070471631 -1.38656169824 -0.588416166110 0.0605577896531 0.468800369861 0.586483575101 0.521143030032 0.408253964607 0.338016647197
# log_selcoffs_ind[2]:
 -0.716390212304 -0.200477902959 0.115360475092 0.208518913791 0.0949545585357 -0.00748664118903 -0.0181020340284 0.0431317735790 0.100578527528 0.108783463765
 -0.183452921302 -0.0161161945949 0.0602317179999 0.135969630733 0.146088435443 0.0899097350143 0.00289935432806 -0.0701709641782 -0.107261785506 -0.115339348644
 0.132056371749 0.0522884499631 0.0734392132822 0.170335505143 0.191938643673 0.0923402758527 -0.0696830917005 -0.211937938269 -0.287509266514 -0.296959570264
# log_selcoffs_ind[3]:
 -0.202940821038 0.0202027052767 0.0202027052767 0.0202027052767 0.0202027052767 0.0202027052767 0.0202027052767 0.0202027052767 0.0202027052767 0.0202027052767
# log_selcoffs_ind[4]:
 -2.62766734987 -1.62207334939 -0.754724012263 -0.206142662878 0.0246832249174 0.166001738760 0.291938295501 0.410194392404 0.501456031128 0.555944080067
 -3.24864630624 -2.36621089067 -1.50315011302 -0.761456709151 -0.203609082990 0.195617697940 0.458105578900 0.611233730432 0.634088407522 0.608132901785
# log_selcoffs_ind[5]:
 -3.04452005677 -0.669616569639 0.101782682789 0.174353368097 0.174353368097 0.174353368097 0.174353368097 0.174353368097 0.174353368097 0.174353368097
# log_selcoffs_ind[6]:
 -3.04452005677 -0.669616569639 0.101782682789 0.174353368097 0.174353368097 0.174353368097 0.174353368097 0.174353368097 0.174353368097 0.174353368097
# log_selcoffs_ind[7]:
 -3.04452005677 -0.669616569639 0.101782682789 0.174353368097 0.174353368097 0.174353368097 0.174353368097 0.174353368097 0.174353368097 0.174353368097
# logsel_slope_ind[1]:
 0.00000000000 0.00000000000
# logsel_slope_ind[2]:
 0.00000000000 0.00000000000 0.00000000000
# logsel_slope_ind[3]:
 0.00000000000
# logsel_slope_ind[4]:
 0.00000000000 0.00000000000
# logsel_slope_ind[5]:
 0.00000000000
# logsel_slope_ind[6]:
 0.00000000000
# logsel_slope_ind[7]:
 0.00000000000
# sel50_ind[1]:
 0.00000000000 0.00000000000
# sel50_ind[2]:
 0.00000000000 0.00000000000 0.00000000000
# sel50_ind[3]:
 0.00000000000
# sel50_ind[4]:
 0.00000000000 0.00000000000
# sel50_ind[5]:
 0.00000000000
# sel50_ind[6]:
 0.00000000000
# sel50_ind[7]:
 0.00000000000
# logsel_p1_ind[1]:
 0.00000000000 0.00000000000
# logsel_p1_ind[2]:
 0.00000000000 0.00000000000 0.00000000000
# logsel_p1_ind[3]:
 0.00000000000
# logsel_p1_ind[4]:
 0.00000000000 0.00000000000
# logsel_p1_ind[5]:
 0.00000000000
# logsel_p1_ind[6]:
 0.00000000000
# logsel_p1_ind[7]:
 0.00000000000
# sel_p2_ind[1]:
 0.00000000000 0.00000000000
# sel_p2_ind[2]:
 0.00000000000 0.00000000000 0.00000000000
# sel_p2_ind[3]:
 0.00000000000
# sel_p2_ind[4]:
 0.00000000000 0.00000000000
# sel_p2_ind[5]:
 0.00000000000
# sel_p2_ind[6]:
 0.00000000000
# sel_p2_ind[7]:
 0.00000000000
# logsel_p3_ind[1]:
 0.00000000000 0.00000000000
# logsel_p3_ind[2]:
 0.00000000000 0.00000000000 0.00000000000
# logsel_p3_ind[3]:
 0.00000000000
# logsel_p3_ind[4]:
 0.00000000000 0.00000000000
# logsel_p3_ind[5]:
 0.00000000000
# logsel_p3_ind[6]:
 0.00000000000
# logsel_p3_ind[7]:
 0.00000000000
