# Number of parameters = 1485 Objective function value = 1282.38997312774  Maximum gradient component = 0.0656660734152971
# Mest[1]:
0.230000000000
# log_Linf[1]:
4.30945594184
# log_k[1]:
-1.83258146375
# log_Lo[1]:
2.89037175790
# log_sdage[1]:
-2.40794560865
# mean_log_rec[1]:
9.55127531109
# steepness[1]:
0.650000000000
# log_Rzero[1]:
9.25076135117
# rec_dev:
 -0.433529363543 -0.505842135993 -0.584524791507 -0.670412693503 -0.761056450185 -0.852679565636 -0.819240730928 -0.823037613847 -0.668458110436 -0.606234163255 -0.518010685632 -0.347907807849 -0.379218052783 -0.327580878628 -0.278262061412 -0.0739729357863 0.268984519743 0.442205580195 0.408773352743 0.447735025386 0.451711168497 0.494552612882 0.692777778336 0.844522723993 0.647074510035 1.12862365827 1.31574993780 0.719940194967 0.660686966140 0.836152399386 0.691848889196 0.775120171897 0.406570698928 0.436655119106 0.0856734090912 0.0175135955380 0.282262568273 0.377417234230 0.675885030628 0.627919552860 0.797602170218 0.829746583895 0.417896007054 0.0462965533963 -0.516626517937 -0.486959556353 -0.753707826602 -0.708804662752 -1.07155942719 -1.09572402612 -0.417326703101 -0.112061398615 -0.813837615204 -0.214841098422 -0.560751001167 -0.352667996102 -0.441871884123 -0.278633307484
# log_sigmar[1]:
-0.510825623766
# fmort:
 0.0108092399180 0.0159292929018 0.00724289754263 0.00918532776674 0.0177609486747 0.0219372048810 0.0266702436425 0.0231152313742 0.0454648870433 0.0380219142987 0.0260139798117 0.0382245592395 0.0736247357052 0.0284322366006 0.0662578495484 0.0445575401449 0.00439041464487 0.0207900917937 0.0175693881455 0.0158417570345 0.0143055382550 0.0173300941219 0.0176145424515 0.0206119032975 0.0141833132203 0.0195674010583 0.0357239842929 0.0147576017514 0.00431308629027 0.00683982873307 0.0103956404336 0.0206375273663 0.00878048329820 0.0122100673915 0.0132942318665 0.0209261373459 0.0257594998750 0.0357001823184 0.0492359669358 0.0507292535357 0.0707404193183 0.0106382644963 0.00384347838950 0.00464668150103 0.00504928000185 0.00577576708026 0.00448253484519
 0.00137449229096 0.00211074497714 0.00322595435209 0.00534960754112 0.00384993490582 0.00696247208180 0.00902052667149 0.0132292182138 0.0214679787949 0.0266745928888 0.0243300537744 0.0487355767280 0.0674434545801 0.0547508305766 0.0730383219826 0.102971009844 0.115387927471 0.155060834820 0.213766813942 0.224721399803 0.228697760501 0.296094586999 0.401123073169 0.384449972855 0.487027149789 0.602172010576 0.552274354083 0.584230500272 0.366754907993 0.251709829085 0.197411166207 0.232536203231 0.229339695439 0.210946031458 0.205467514907 0.205023667562 0.218482391150 0.272110653241 0.241084020702 0.328161046354 0.195439301359 0.139744593471 0.119135032996 0.0880120684194 0.0786866980180 0.0795245690086 0.0802042750131
 0.000209245083174 0.000388111358922 0.000857552729224 0.00182822933552 0.00549049708643 0.00159268258615 0.00188291673368 0.0162520050413 0.0106501596622 0.00857453685929 0.0104902141270 0.0105086187274 0.00338630484936 0.00250262900379 0.00341604769757 0.00186647917069 0.000725664236434 0.000664940431861 0.00373583006606 0.00486461674653 0.00580520601999 0.00347366746121 0.00188408795639 0.00283849916065 0.00534087964291 0.0182959960798 0.0207735985017 0.0287225231755 0.0163977192647 0.00653907012953 0.00820188531825 0.0220523458171 0.00394764444761 0.00710363462217 0.00690293363141 0.00367402895582 0.0156111725898 0.0183458502564 0.0141770530769 0.00765365663409 0.00233583915066 0.0224400822935 0.00933042394826 0.00416148863162 0.00361460138355 0.00136922132979 0.000870559782787
 1.93733917797e-13 2.05113703799e-13 0.000530912377361 2.22322160681e-13 2.25375273999e-13 2.29816166097e-13 3.37220746272e-06 0.000229646024126 0.00480788815449 0.0298496464979 0.0266477499143 0.0338616485991 0.0764110812348 0.0897507092760 0.118339431967 0.0954291484241 0.0903454368553 0.0934199267518 0.0959336688523 0.0817142927703 0.0693209862246 0.0440864159299 0.00376154496828 2.17603712827e-13 2.25652829755e-13 2.90045765183e-13 3.51385587294e-13 5.39013278456e-13 6.20614670765e-13 3.24591068301e-06 0.000667661819011 0.00497699473245 0.0156630416031 0.0302341642950 0.0525383730673 0.0435803567654 0.0656303132269 0.102778330079 0.135777001056 0.190473227824 0.197269256866 0.0539632999055 0.0351227275579 0.0321020325105 0.0329248453517 0.0373416811635 0.0179458730130
# log_selcoffs_fsh[1]:
 -4.85738418250 -3.70374399930 -2.45057608046 -1.21203570151 -0.267543214262 0.518258992596 1.08986617964 0.884039790630 -0.294546607166
 -4.53824689781 -3.29047278111 -1.97262385022 -0.810319408479 -0.157386602889 0.466674950259 0.952701481208 0.796213893120 0.103794615311
 -4.20344847836 -2.92525139773 -1.70203024652 -0.695210677751 -0.00347095125948 0.540770429084 0.828837418857 0.664194966806 0.264422252227
 -3.82484228776 -2.43300040867 -1.28240695905 -0.512628913669 -0.0680284232991 0.390150117003 0.767814048357 0.686664122095 0.378816121971
 -3.63227141889 -2.16144968864 -0.741992507354 0.0242099770866 0.208486762172 0.319906918693 0.483366835843 0.494678580054 0.397035317221
 -3.47649952506 -2.12898523196 -0.836402634770 0.106519042942 0.510189422532 0.470295390639 0.352142362647 0.289257675787 0.247516804077
 -3.29581163024 -2.06493545962 -1.01036190395 -0.130929350007 0.582693977835 0.717679660524 0.405425988416 0.163081824549 0.0743334471953
 -3.09399849988 -1.83451688612 -0.919573154074 -0.156235989851 0.557874196820 0.780467632507 0.423645886959 0.110585182637 -0.0335123014456
 -2.92717517045 -1.62632419263 -0.492575928395 0.0731215933220 0.420299148999 0.620535739653 0.482862812464 0.132748720481 -0.0856913017136
 -2.75350929790 -1.30772176190 -0.131575370020 0.210768122732 0.432598430981 0.538907972608 0.343507072868 0.0337457570951 -0.156741451972
 -2.59194564730 -0.944983762670 0.526915596436 0.473835511999 0.282909090496 0.203236013926 0.0380423914197 -0.144670849357 -0.248245565131
 -2.42671781988 -0.677882881510 0.480192323409 0.527862718871 0.430646512401 0.179849513346 -0.114749737594 -0.282603811982 -0.340244498372
 -2.34966878840 -0.611646902866 0.539103491699 0.711246379287 0.397802379616 0.0394443796126 -0.255684065568 -0.408699674278 -0.440891160387
 -2.31142192935 -0.713819158440 0.539338048822 0.879825098178 0.376135569523 -0.0657234665510 -0.359560814603 -0.498807421785 -0.531898536803
 -2.48790681033 -0.888833591543 0.627325099093 0.930332436087 0.355885229865 -0.109333571193 -0.406880248376 -0.564953156799 -0.616466499056
 -2.47365811986 -0.911823321491 0.662089447744 0.834090872634 0.431481009905 -0.0294341260923 -0.383701263945 -0.577324443764 -0.655638689055
 -2.27869583096 -0.702792067121 0.746206351429 0.759014336933 0.356693145059 -0.0374389497139 -0.367245556934 -0.575185456944 -0.673075535305
 -1.92793607882 -0.400294374490 0.526948726469 0.793531005330 0.431624456883 -0.0252672485328 -0.364767626831 -0.574016411296 -0.679126313340
 -1.78580365429 -0.357179777652 0.815680674133 0.739567335160 0.226543150825 -0.151332686185 -0.436132878106 -0.627409011298 -0.728516985468
 -1.55126507243 -0.228456956069 0.790648232620 0.722065933125 0.259508052571 -0.173975609550 -0.481964067932 -0.673192366035 -0.766801896568
 -1.49048714470 -0.129477177313 0.862013219544 0.726810798995 0.189348256706 -0.254700167993 -0.567374615666 -0.749423496043 -0.828910468404
 -1.46542549861 -0.212371242754 0.655259193790 0.964360135425 0.306355271553 -0.337790407091 -0.685652116934 -0.845315535205 -0.899894601211
 -1.41560006807 0.0181288803798 0.895896810747 0.800146237384 0.152713343915 -0.423750103223 -0.772102882193 -0.921118014752 -0.957541875440
 -1.52451765935 -0.202116233716 0.850648723679 1.02530455289 0.0895447235003 -0.524852378239 -0.860021742085 -0.999787904632 -1.02238713682
 -1.61128456123 -0.204503532187 0.883553901619 0.988714749426 0.132740070861 -0.502320100630 -0.867652393389 -1.02420614421 -1.04423646185
 -1.60613565107 0.104614931916 0.710410473285 0.867201911079 0.270513159142 -0.297447189432 -0.758011630218 -0.965894504471 -0.990477576457
 -1.74816744033 -0.317617112283 0.546751715766 0.951546118872 0.401050874090 -0.110708689985 -0.591809841211 -0.840580349936 -0.898191585160
 -1.65610011514 -0.164573548412 0.306260638205 0.788792206172 0.514018962910 0.0550696938369 -0.392447021486 -0.655667848494 -0.736721862209
 -1.31117460023 0.0676967358653 0.433560001181 0.566064262513 0.335278341914 0.0214597846316 -0.282640918938 -0.483687625329 -0.569024658639
 -1.22554965953 -0.0642007491463 0.294396870305 0.731556588745 0.264100178880 -0.0623335211312 -0.252981384755 -0.375633381949 -0.441932999968
 -0.999641041255 0.448214970754 0.465469455170 0.153268529550 -0.00974004794282 -0.0826483753571 -0.156096236287 -0.233284637173 -0.288100098070
 -0.960909848079 0.568850434451 0.123590019384 0.0718420154182 -0.0218404939657 -0.0301014363416 -0.0520069689555 -0.107468006408 -0.163682514386
 -1.22625808679 -0.548893800368 -0.0766442734395 0.453961081079 0.312573423948 0.213628635435 0.0930269687330 0.00491854362309 -0.0825729370750
# log_selcoffs_fsh[2]:
 -6.51593682231 -5.05521967092 -3.58693972205 -1.95661850901 -0.566495025501 0.337481015133 0.994632890660 1.13248999018 0.504233069346 -0.938074564454
 -6.42809883566 -4.97081427004 -3.46864648877 -2.03859619953 -0.861200759034 0.196391995011 0.977587354399 1.17342734826 0.524043326333 -0.493500146657
 -6.30868428302 -4.89756922496 -3.48838473576 -2.13731440961 -1.00960659863 0.0566330735378 0.929023816246 1.15189774895 0.613064184461 -0.130956505781
 -6.15691721972 -4.76151842921 -3.44267257239 -2.21273642205 -1.15828152761 -0.173048294575 0.778648588497 1.14598944777 0.760666456547 0.206238320080
 -6.00759819068 -4.54728515842 -3.22123965839 -2.16329565811 -1.29809154385 -0.404945614501 0.594203546705 1.08718864989 0.888052104939 0.521246092921
 -5.86281416701 -4.50121972307 -3.16050014024 -1.91729410167 -1.08702535585 -0.498602340433 0.274098956905 0.897169150505 1.00706553519 0.852926695601
 -5.72598974668 -4.46056223390 -3.23582076668 -2.08668149886 -1.08609307050 -0.335586613528 0.204416149413 0.678351515630 0.972704827129 1.07390361632
 -5.61590490286 -4.39666559158 -3.25815656752 -2.22383605879 -1.26187806945 -0.469351850449 0.199138065434 0.624133241924 0.939088804793 1.18913302309
 -5.54478505948 -4.30579421037 -3.14965631860 -2.19934211750 -1.40311496457 -0.630674112796 0.131711738209 0.685645927167 0.953120898804 1.20332397128
 -5.45640523234 -4.16494250412 -2.96429199289 -1.96966851639 -1.22117737534 -0.627259255193 -0.0662153706734 0.576214480264 0.979753956307 1.27568226953
 -5.38154926470 -3.97904834816 -2.63443043872 -1.54765840837 -0.881182164154 -0.440765329819 -0.0261424850884 0.399587197911 0.878866573456 1.32462639236
 -5.36817708171 -3.82842575455 -2.38018329183 -1.18251694021 -0.621320912342 -0.261727061093 -0.00481618510230 0.363861260808 0.878888688185 1.23119089357
 -5.38502374743 -3.67019903775 -2.03132033997 -0.740066894313 -0.256014243969 0.0286762313209 0.155995983112 0.332734293104 0.717837751617 1.08006921030
 -5.41900172682 -3.50819193016 -1.68622997753 -0.483899092537 0.106161213382 0.233453097883 0.226117664129 0.324189877236 0.576657974150 0.863884570821
 -5.43041036659 -3.33310460885 -1.37209407388 -0.0951819246300 0.345643939859 0.309193599037 0.159940073500 0.218595452841 0.470887772701 0.694518444639
 -5.40846937618 -3.15974393654 -1.06111410082 0.0709345415940 0.326047551079 0.277605454112 0.164711203484 0.211512959974 0.425877095273 0.632614575930
 -5.40074282613 -3.11982811838 -0.961276000354 0.0529519178688 0.330305227378 0.302819104594 0.178463415645 0.199669474936 0.400749510101 0.620659597723
 -5.39368314116 -3.30594868707 -1.33100571655 -0.0115158726825 0.412031228505 0.384628212995 0.208073052843 0.190215525911 0.381517727383 0.599803231791
 -5.36914427159 -3.44165176209 -1.61663733083 -0.260730876464 0.460754002105 0.451413969527 0.233786941249 0.195834991187 0.391241994209 0.631249767012
 -5.31489523771 -3.49495946838 -1.75468008680 -0.426574725572 0.246853728608 0.387355640080 0.247103777825 0.243613775961 0.490663301836 0.786816742803
 -5.29664024399 -3.59175008081 -1.97948664559 -0.649742398383 0.134110779831 0.398040971874 0.305735061743 0.260080827851 0.513330660386 0.854071535179
 -5.31865850877 -3.69028504930 -2.16633122890 -0.943099828967 -0.0523461895736 0.435261812983 0.420436008888 0.337143666271 0.538638652767 0.847803665374
 -5.36014210413 -3.77562688686 -2.33429271202 -1.14989110756 -0.281097053641 0.429663153962 0.481499396185 0.422910813869 0.589159112896 0.841464743784
 -5.45472552647 -3.84999958893 -2.36633617112 -1.16537667339 -0.400011930367 0.201212354379 0.544003404938 0.529484987308 0.670457011792 0.832709064281
 -5.54948469438 -3.90406446297 -2.28861904037 -0.900993119704 -0.259413315364 0.0247881662261 0.331379641835 0.570746578677 0.717324503009 0.900306182983
 -5.66841494665 -3.97954922297 -2.40278784447 -1.01130082458 -0.205720736781 0.238853596866 0.337272583005 0.466454922025 0.684970054150 0.900414608308
 -5.87927488435 -4.17840012112 -2.46696803999 -0.982526458140 -0.0850977206578 0.428552678709 0.473998574114 0.449826347201 0.570379758493 0.754164316233
 -6.04326131425 -4.37354711860 -2.57781906657 -0.795495667177 0.00872995169915 0.462239014766 0.474802902363 0.392753425233 0.587751482291 0.679374295415
 -6.15301130017 -4.55385550022 -2.89149505129 -1.19773695502 -0.161340617253 0.624891477444 0.592897598322 0.425726299046 0.596355924579 0.562762384384
 -6.26226056057 -4.64288724024 -3.05489388078 -1.42669225616 0.00641447717588 0.754588982739 0.774975900446 0.477648832066 0.356558205030 0.305156809280
 -6.24591717988 -4.54128348203 -2.83242564784 -1.26515965191 -0.112073817400 0.626009067947 0.697240468867 0.484713450475 0.442289205572 0.527121292469
 -6.15296246062 -4.33181826377 -2.52708780524 -0.965565634907 -0.242835722830 0.104480381425 0.423394788266 0.493864292376 0.658710207256 0.928798007009
 -6.09462995772 -4.15906017794 -2.17321477801 -0.670428420271 -0.278989062340 -0.302448515710 0.00454494609754 0.418669255053 0.792164705961 1.14058669482
 -6.10711143301 -4.16122838136 -2.25792519708 -0.699020259052 -0.156240169218 0.0719823310460 0.00310764759253 0.287934591600 0.744630587763 1.10131171587
# log_selcoffs_fsh[3]:
 -0.918865399624 -0.100448099635 1.17671153388 0.431993346468 -0.686946102266 -1.44243903448 -1.75376488066
 -1.15757095226 -0.122255615556 1.20157257340 0.443694964376 -0.680670127937 -1.43757446287 -1.75301216809
 -0.589769816837 -0.163674426903 1.11258086801 0.457625533192 -0.617603234196 -1.37406358646 -1.70540918273
 -1.48046654792 -0.284368566734 1.24308056453 0.444271810498 -0.606404567510 -1.33879427789 -1.67728733412
 -1.87587698648 -0.201268989496 1.18483268773 0.499548081723 -0.478663874377 -1.23451033454 -1.60752443346
 -1.96693635744 -0.494946171444 0.979623861592 0.807974243552 -0.231867440521 -1.10330515243 -1.51925722759
 -1.68786051444 -0.423549791695 0.767111979226 0.941021931790 -0.141915300598 -1.05453007029 -1.47762409789
 -1.33065618221 0.563748264892 0.840482318441 0.349427176464 -0.376466586477 -1.10475112670 -1.49105620047
 -1.39978102679 0.632905707471 0.903079495201 0.237999689266 -0.481645326419 -1.16866713394 -1.58070563292
 -1.59833651658 0.308543955429 0.998737677363 0.492966577096 -0.476395320030 -1.26343764162 -1.71142067815
 -1.85915796096 -0.386386909229 0.899687026784 0.911281276456 -0.255129093552 -1.26265301561 -1.82866070127
 -1.82215039593 -0.346725889037 0.823882057834 0.947035509051 -0.176810400269 -1.26210320233 -1.87771252063
 -1.66870687643 -0.112403602362 1.01840693868 0.721015313016 -0.378033128035 -1.35567110505 -1.90016976771
 -1.43050553816 0.581884778946 0.999440045914 0.294198298226 -0.642407832269 -1.44517859131 -1.89136517792
 -1.47877989632 0.220447766538 1.18355870119 0.341397275916 -0.741945845885 -1.51121685966 -1.85960816470
 -1.48181711815 0.257380732646 1.25501132580 0.190775362652 -0.923794579241 -1.59782514795 -1.82122974232
 -1.27456308907 0.583108758046 1.12714546401 0.0881576730651 -0.991112769238 -1.58233286092 -1.75333039488
 -1.19111969454 0.639731714797 1.09961962643 0.0144270968767 -0.961225355525 -1.52322591180 -1.70286764938
 -0.711441905438 1.08854508509 0.663652593802 -0.199078545086 -0.987866300333 -1.49926770865 -1.70324019674
 -0.554869193265 1.19945868897 0.536390699382 -0.383401688427 -1.10232566879 -1.55754638233 -1.75204603838
 -0.353542362646 1.15727446243 0.599208185761 -0.435824649051 -1.20906515996 -1.65614574395 -1.83385874622
 -0.441767891569 1.12686353318 0.709846451680 -0.454312404143 -1.29589445379 -1.73486630946 -1.88059850860
 -0.309913361848 0.820928352641 1.02550301519 -0.463071814224 -1.37917784265 -1.77676817525 -1.86390318108
 -0.243703051566 1.04865591107 0.764091926964 -0.447775194951 -1.34338534542 -1.78626426119 -1.91169910726
 -0.422539439904 0.522628063947 1.10790526030 -0.0169098669794 -1.11166048071 -1.72437228398 -1.96877803347
 -0.155782297599 0.661289287444 0.632261664728 0.359531176734 -0.622656384104 -1.50378338862 -2.01259296204
 -0.944505950866 0.717213932228 0.851116776621 0.213957530416 -0.513115239331 -1.36098839668 -2.06715903194
 -1.46942656428 0.222054338448 1.12623597007 0.423046206634 -0.586961123075 -1.44500207636 -2.12936834461
 -1.64512586358 -0.0470829475465 1.23335943010 0.467114567535 -0.666191478950 -1.61220164671 -2.19133104470
 -1.59444586522 0.133973782428 0.792012834088 0.935112127879 -0.512705839126 -1.65647701805 -2.22010130219
 -1.48520237778 0.978401665925 0.758690890230 0.215673987342 -0.791667179808 -1.71925755880 -2.25495825672
 -1.59861021282 0.606364251145 1.16752033767 0.105278185130 -0.956811294195 -1.83399617774 -2.35231962352
 -1.77655419434 0.000380058703487 1.36955571027 0.251869791629 -0.987482951838 -1.91466867700 -2.40279559271
 -1.64388587532 0.0501102675574 1.14077573889 0.684772790505 -0.891297732702 -1.94603863179 -2.40897586815
 -1.45951517877 0.209533099389 1.33220965774 0.187946427170 -1.14843452563 -2.02424344922 -2.41747892692
 -1.04895241503 1.15928842641 0.805607250116 -0.293755823909 -1.32802971189 -2.08050055280 -2.42304749275
 -0.983886064390 1.06227535545 0.950878530981 -0.349723149708 -1.45774618340 -2.12466076874 -2.42929090086
# log_selcoffs_fsh[4]:
 -6.03393006355 -4.85945399754 -3.66299347018 -2.41333475966 -1.12401869371 0.0776127609722 0.939781098416 1.12401028406 0.605632724529
 -6.02226338945 -4.84005902972 -3.63010573563 -2.32884015117 -0.990773714060 0.172534185252 0.947739228033 1.06077835068 0.608491055469
 -5.98923326361 -4.80211362969 -3.59579970809 -2.32811501434 -1.01273714036 0.153838864846 0.932163042759 1.06621647155 0.636825678407
 -5.92699490061 -4.72609185286 -3.52676230396 -2.30641248625 -1.05190171799 0.0875385079988 0.889785233061 1.08088515661 0.711381574122
 -5.86100858620 -4.63105283481 -3.41652813276 -2.22730763458 -1.01907465049 0.0926472939929 0.854374176749 1.05477885602 0.773581673240
 -5.79490825717 -4.57515559493 -3.34856279639 -2.13270716425 -1.00466698910 0.0263815760001 0.808027144822 1.06898730025 0.826014159899
 -5.71363547329 -4.50267804835 -3.28247778068 -2.04938020337 -0.928369445015 0.0441614333255 0.779033241442 1.03022907560 0.874572432457
 -5.61233682713 -4.38700719640 -3.20056338889 -2.01062530456 -0.898303504387 0.0210005337029 0.733126377638 1.02719804620 0.918678329731
 -5.51153373945 -4.23754504062 -3.07323513123 -2.00751439809 -0.971600269377 -0.0189816077375 0.719795442949 1.01963752216 0.961282014148
 -5.41595642317 -4.14442295206 -2.92447859317 -1.82033655527 -0.888176757701 -0.0451943853210 0.634362669633 0.995372518934 1.03149964362
 -5.34708286479 -4.06940232507 -2.84995899807 -1.73066799022 -0.745423278691 0.0354454713909 0.607128916563 0.930858655362 1.05106002201
 -5.30967971845 -3.98521885204 -2.75309171343 -1.66550599288 -0.687680380156 0.122461948483 0.629757660441 0.892967101423 1.01924590732
 -5.28774553559 -3.86620403352 -2.55632691924 -1.50733651854 -0.665293392014 0.0989630388647 0.658505189783 0.894122022037 0.985698171631
 -5.26019426039 -3.70377657108 -2.20256277014 -1.11141623027 -0.432234265362 0.0944666123950 0.534696211497 0.844554819190 1.01107796879
 -5.22388082850 -3.57551897817 -1.96888243403 -0.788091555486 -0.197865921910 0.119367764623 0.416781864665 0.762725979318 1.01662079430
 -5.17779614017 -3.46972885768 -1.76555126266 -0.540316470960 -0.126480124838 0.0775434534577 0.347255751280 0.708051131238 1.03052870987
 -5.16778403876 -3.48125290089 -1.80223282001 -0.556260062233 -0.116515978746 0.127663696234 0.369676877771 0.687810904541 1.01611621196
 -5.17635667982 -3.61951519125 -2.18677164478 -1.08667776447 -0.319429254919 0.295684169613 0.577669700832 0.720605982556 0.959263143741
 -5.14663930632 -3.69934538216 -2.38370290997 -1.35242678654 -0.555209400213 0.127839646624 0.564731424775 0.840988906989 1.04051131332
 -5.13603053074 -3.75078083582 -2.50445431154 -1.51099148169 -0.768583769729 -0.0943208684559 0.513391482651 0.917157035545 1.13829224856
 -5.15964478890 -3.77979889135 -2.52744332349 -1.61595333630 -0.913483004590 -0.289682799788 0.374998197681 0.991397774438 1.22178865530
 -5.15227953512 -3.76385200796 -2.34854799015 -1.54767746931 -1.00074922811 -0.360047096942 0.260677324113 0.854063872030 1.37385225011
 -5.14078824210 -3.89910242285 -2.71723111088 -1.75775998896 -1.06116359374 -0.377390652468 0.214442756432 0.823264649690 1.43188944815
 -5.10034332132 -3.89396917286 -2.82444522267 -1.92573698892 -1.18596972761 -0.521994061677 0.0962815570142 0.791013237992 1.51796847470
 -5.14916264387 -3.89493944398 -2.71362428258 -1.77447762518 -1.09368217501 -0.397864043381 0.215407183619 0.839942043924 1.42903031730
 -5.11380029242 -3.73651829875 -2.37250051507 -1.55287687691 -1.17695714785 -0.617504608111 0.113891994517 0.850958027987 1.47137981862
 -5.09237348073 -3.71815624333 -2.41728756346 -1.54838303843 -1.05455867023 -0.619781591994 0.0788519844153 0.890686841865 1.44987181959
 -5.06827348732 -3.70970154465 -2.48812805992 -1.61441554401 -1.05525475701 -0.551269349517 0.127169480195 0.891232341683 1.43248261557
# log_sel_spl_fsh[1]:
 0.00000000000 0.00000000000 0.00000000000 0.00000000000
 0.00000000000 0.00000000000 0.00000000000 0.00000000000
 0.00000000000 0.00000000000 0.00000000000 0.00000000000
 0.00000000000 0.00000000000 0.00000000000 0.00000000000
 0.00000000000 0.00000000000 0.00000000000 0.00000000000
 0.00000000000 0.00000000000 0.00000000000 0.00000000000
 0.00000000000 0.00000000000 0.00000000000 0.00000000000
 0.00000000000 0.00000000000 0.00000000000 0.00000000000
 0.00000000000 0.00000000000 0.00000000000 0.00000000000
 0.00000000000 0.00000000000 0.00000000000 0.00000000000
 0.00000000000 0.00000000000 0.00000000000 0.00000000000
 0.00000000000 0.00000000000 0.00000000000 0.00000000000
 0.00000000000 0.00000000000 0.00000000000 0.00000000000
 0.00000000000 0.00000000000 0.00000000000 0.00000000000
 0.00000000000 0.00000000000 0.00000000000 0.00000000000
 0.00000000000 0.00000000000 0.00000000000 0.00000000000
 0.00000000000 0.00000000000 0.00000000000 0.00000000000
 0.00000000000 0.00000000000 0.00000000000 0.00000000000
 0.00000000000 0.00000000000 0.00000000000 0.00000000000
 0.00000000000 0.00000000000 0.00000000000 0.00000000000
 0.00000000000 0.00000000000 0.00000000000 0.00000000000
 0.00000000000 0.00000000000 0.00000000000 0.00000000000
 0.00000000000 0.00000000000 0.00000000000 0.00000000000
 0.00000000000 0.00000000000 0.00000000000 0.00000000000
 0.00000000000 0.00000000000 0.00000000000 0.00000000000
 0.00000000000 0.00000000000 0.00000000000 0.00000000000
 0.00000000000 0.00000000000 0.00000000000 0.00000000000
 0.00000000000 0.00000000000 0.00000000000 0.00000000000
 0.00000000000 0.00000000000 0.00000000000 0.00000000000
 0.00000000000 0.00000000000 0.00000000000 0.00000000000
 0.00000000000 0.00000000000 0.00000000000 0.00000000000
 0.00000000000 0.00000000000 0.00000000000 0.00000000000
 0.00000000000 0.00000000000 0.00000000000 0.00000000000
# log_sel_spl_fsh[2]:
 0.00000000000 0.00000000000 0.00000000000 0.00000000000
 0.00000000000 0.00000000000 0.00000000000 0.00000000000
 0.00000000000 0.00000000000 0.00000000000 0.00000000000
 0.00000000000 0.00000000000 0.00000000000 0.00000000000
 0.00000000000 0.00000000000 0.00000000000 0.00000000000
 0.00000000000 0.00000000000 0.00000000000 0.00000000000
 0.00000000000 0.00000000000 0.00000000000 0.00000000000
 0.00000000000 0.00000000000 0.00000000000 0.00000000000
 0.00000000000 0.00000000000 0.00000000000 0.00000000000
 0.00000000000 0.00000000000 0.00000000000 0.00000000000
 0.00000000000 0.00000000000 0.00000000000 0.00000000000
 0.00000000000 0.00000000000 0.00000000000 0.00000000000
 0.00000000000 0.00000000000 0.00000000000 0.00000000000
 0.00000000000 0.00000000000 0.00000000000 0.00000000000
 0.00000000000 0.00000000000 0.00000000000 0.00000000000
 0.00000000000 0.00000000000 0.00000000000 0.00000000000
 0.00000000000 0.00000000000 0.00000000000 0.00000000000
 0.00000000000 0.00000000000 0.00000000000 0.00000000000
 0.00000000000 0.00000000000 0.00000000000 0.00000000000
 0.00000000000 0.00000000000 0.00000000000 0.00000000000
 0.00000000000 0.00000000000 0.00000000000 0.00000000000
 0.00000000000 0.00000000000 0.00000000000 0.00000000000
 0.00000000000 0.00000000000 0.00000000000 0.00000000000
 0.00000000000 0.00000000000 0.00000000000 0.00000000000
 0.00000000000 0.00000000000 0.00000000000 0.00000000000
 0.00000000000 0.00000000000 0.00000000000 0.00000000000
 0.00000000000 0.00000000000 0.00000000000 0.00000000000
 0.00000000000 0.00000000000 0.00000000000 0.00000000000
 0.00000000000 0.00000000000 0.00000000000 0.00000000000
 0.00000000000 0.00000000000 0.00000000000 0.00000000000
 0.00000000000 0.00000000000 0.00000000000 0.00000000000
 0.00000000000 0.00000000000 0.00000000000 0.00000000000
 0.00000000000 0.00000000000 0.00000000000 0.00000000000
 0.00000000000 0.00000000000 0.00000000000 0.00000000000
# log_sel_spl_fsh[3]:
 0.00000000000 0.00000000000 0.00000000000 0.00000000000
 0.00000000000 0.00000000000 0.00000000000 0.00000000000
 0.00000000000 0.00000000000 0.00000000000 0.00000000000
 0.00000000000 0.00000000000 0.00000000000 0.00000000000
 0.00000000000 0.00000000000 0.00000000000 0.00000000000
 0.00000000000 0.00000000000 0.00000000000 0.00000000000
 0.00000000000 0.00000000000 0.00000000000 0.00000000000
 0.00000000000 0.00000000000 0.00000000000 0.00000000000
 0.00000000000 0.00000000000 0.00000000000 0.00000000000
 0.00000000000 0.00000000000 0.00000000000 0.00000000000
 0.00000000000 0.00000000000 0.00000000000 0.00000000000
 0.00000000000 0.00000000000 0.00000000000 0.00000000000
 0.00000000000 0.00000000000 0.00000000000 0.00000000000
 0.00000000000 0.00000000000 0.00000000000 0.00000000000
 0.00000000000 0.00000000000 0.00000000000 0.00000000000
 0.00000000000 0.00000000000 0.00000000000 0.00000000000
 0.00000000000 0.00000000000 0.00000000000 0.00000000000
 0.00000000000 0.00000000000 0.00000000000 0.00000000000
 0.00000000000 0.00000000000 0.00000000000 0.00000000000
 0.00000000000 0.00000000000 0.00000000000 0.00000000000
 0.00000000000 0.00000000000 0.00000000000 0.00000000000
 0.00000000000 0.00000000000 0.00000000000 0.00000000000
 0.00000000000 0.00000000000 0.00000000000 0.00000000000
 0.00000000000 0.00000000000 0.00000000000 0.00000000000
 0.00000000000 0.00000000000 0.00000000000 0.00000000000
 0.00000000000 0.00000000000 0.00000000000 0.00000000000
 0.00000000000 0.00000000000 0.00000000000 0.00000000000
 0.00000000000 0.00000000000 0.00000000000 0.00000000000
 0.00000000000 0.00000000000 0.00000000000 0.00000000000
 0.00000000000 0.00000000000 0.00000000000 0.00000000000
 0.00000000000 0.00000000000 0.00000000000 0.00000000000
 0.00000000000 0.00000000000 0.00000000000 0.00000000000
 0.00000000000 0.00000000000 0.00000000000 0.00000000000
 0.00000000000 0.00000000000 0.00000000000 0.00000000000
 0.00000000000 0.00000000000 0.00000000000 0.00000000000
 0.00000000000 0.00000000000 0.00000000000 0.00000000000
 0.00000000000 0.00000000000 0.00000000000 0.00000000000
# log_sel_spl_fsh[4]:
 0.00000000000 0.00000000000 0.00000000000 0.00000000000
 0.00000000000 0.00000000000 0.00000000000 0.00000000000
 0.00000000000 0.00000000000 0.00000000000 0.00000000000
 0.00000000000 0.00000000000 0.00000000000 0.00000000000
 0.00000000000 0.00000000000 0.00000000000 0.00000000000
 0.00000000000 0.00000000000 0.00000000000 0.00000000000
 0.00000000000 0.00000000000 0.00000000000 0.00000000000
 0.00000000000 0.00000000000 0.00000000000 0.00000000000
 0.00000000000 0.00000000000 0.00000000000 0.00000000000
 0.00000000000 0.00000000000 0.00000000000 0.00000000000
 0.00000000000 0.00000000000 0.00000000000 0.00000000000
 0.00000000000 0.00000000000 0.00000000000 0.00000000000
 0.00000000000 0.00000000000 0.00000000000 0.00000000000
 0.00000000000 0.00000000000 0.00000000000 0.00000000000
 0.00000000000 0.00000000000 0.00000000000 0.00000000000
 0.00000000000 0.00000000000 0.00000000000 0.00000000000
 0.00000000000 0.00000000000 0.00000000000 0.00000000000
 0.00000000000 0.00000000000 0.00000000000 0.00000000000
 0.00000000000 0.00000000000 0.00000000000 0.00000000000
 0.00000000000 0.00000000000 0.00000000000 0.00000000000
 0.00000000000 0.00000000000 0.00000000000 0.00000000000
 0.00000000000 0.00000000000 0.00000000000 0.00000000000
 0.00000000000 0.00000000000 0.00000000000 0.00000000000
 0.00000000000 0.00000000000 0.00000000000 0.00000000000
 0.00000000000 0.00000000000 0.00000000000 0.00000000000
 0.00000000000 0.00000000000 0.00000000000 0.00000000000
 0.00000000000 0.00000000000 0.00000000000 0.00000000000
 0.00000000000 0.00000000000 0.00000000000 0.00000000000
# logsel_slope_fsh[1]:
 0.00000000000 0.00000000000 0.00000000000 0.00000000000 0.00000000000 0.00000000000 0.00000000000 0.00000000000 0.00000000000 0.00000000000 0.00000000000 0.00000000000 0.00000000000 0.00000000000 0.00000000000 0.00000000000 0.00000000000 0.00000000000 0.00000000000 0.00000000000 0.00000000000 0.00000000000 0.00000000000 0.00000000000 0.00000000000 0.00000000000 0.00000000000 0.00000000000 0.00000000000 0.00000000000 0.00000000000 0.00000000000 0.00000000000
# logsel_slope_fsh[2]:
 0.00000000000 0.00000000000 0.00000000000 0.00000000000 0.00000000000 0.00000000000 0.00000000000 0.00000000000 0.00000000000 0.00000000000 0.00000000000 0.00000000000 0.00000000000 0.00000000000 0.00000000000 0.00000000000 0.00000000000 0.00000000000 0.00000000000 0.00000000000 0.00000000000 0.00000000000 0.00000000000 0.00000000000 0.00000000000 0.00000000000 0.00000000000 0.00000000000 0.00000000000 0.00000000000 0.00000000000 0.00000000000 0.00000000000 0.00000000000
# logsel_slope_fsh[3]:
 0.00000000000 0.00000000000 0.00000000000 0.00000000000 0.00000000000 0.00000000000 0.00000000000 0.00000000000 0.00000000000 0.00000000000 0.00000000000 0.00000000000 0.00000000000 0.00000000000 0.00000000000 0.00000000000 0.00000000000 0.00000000000 0.00000000000 0.00000000000 0.00000000000 0.00000000000 0.00000000000 0.00000000000 0.00000000000 0.00000000000 0.00000000000 0.00000000000 0.00000000000 0.00000000000 0.00000000000 0.00000000000 0.00000000000 0.00000000000 0.00000000000 0.00000000000 0.00000000000
# logsel_slope_fsh[4]:
 0.00000000000 0.00000000000 0.00000000000 0.00000000000 0.00000000000 0.00000000000 0.00000000000 0.00000000000 0.00000000000 0.00000000000 0.00000000000 0.00000000000 0.00000000000 0.00000000000 0.00000000000 0.00000000000 0.00000000000 0.00000000000 0.00000000000 0.00000000000 0.00000000000 0.00000000000 0.00000000000 0.00000000000 0.00000000000 0.00000000000 0.00000000000 0.00000000000
# sel50_fsh[1]:
 0.00000000000 0.00000000000 0.00000000000 0.00000000000 0.00000000000 0.00000000000 0.00000000000 0.00000000000 0.00000000000 0.00000000000 0.00000000000 0.00000000000 0.00000000000 0.00000000000 0.00000000000 0.00000000000 0.00000000000 0.00000000000 0.00000000000 0.00000000000 0.00000000000 0.00000000000 0.00000000000 0.00000000000 0.00000000000 0.00000000000 0.00000000000 0.00000000000 0.00000000000 0.00000000000 0.00000000000 0.00000000000 0.00000000000
# sel50_fsh[2]:
 0.00000000000 0.00000000000 0.00000000000 0.00000000000 0.00000000000 0.00000000000 0.00000000000 0.00000000000 0.00000000000 0.00000000000 0.00000000000 0.00000000000 0.00000000000 0.00000000000 0.00000000000 0.00000000000 0.00000000000 0.00000000000 0.00000000000 0.00000000000 0.00000000000 0.00000000000 0.00000000000 0.00000000000 0.00000000000 0.00000000000 0.00000000000 0.00000000000 0.00000000000 0.00000000000 0.00000000000 0.00000000000 0.00000000000 0.00000000000
# sel50_fsh[3]:
 0.00000000000 0.00000000000 0.00000000000 0.00000000000 0.00000000000 0.00000000000 0.00000000000 0.00000000000 0.00000000000 0.00000000000 0.00000000000 0.00000000000 0.00000000000 0.00000000000 0.00000000000 0.00000000000 0.00000000000 0.00000000000 0.00000000000 0.00000000000 0.00000000000 0.00000000000 0.00000000000 0.00000000000 0.00000000000 0.00000000000 0.00000000000 0.00000000000 0.00000000000 0.00000000000 0.00000000000 0.00000000000 0.00000000000 0.00000000000 0.00000000000 0.00000000000 0.00000000000
# sel50_fsh[4]:
 0.00000000000 0.00000000000 0.00000000000 0.00000000000 0.00000000000 0.00000000000 0.00000000000 0.00000000000 0.00000000000 0.00000000000 0.00000000000 0.00000000000 0.00000000000 0.00000000000 0.00000000000 0.00000000000 0.00000000000 0.00000000000 0.00000000000 0.00000000000 0.00000000000 0.00000000000 0.00000000000 0.00000000000 0.00000000000 0.00000000000 0.00000000000 0.00000000000
# logsel_p1_fsh[1]:
 0.00000000000 0.00000000000 0.00000000000 0.00000000000 0.00000000000 0.00000000000 0.00000000000 0.00000000000 0.00000000000 0.00000000000 0.00000000000 0.00000000000 0.00000000000 0.00000000000 0.00000000000 0.00000000000 0.00000000000 0.00000000000 0.00000000000 0.00000000000 0.00000000000 0.00000000000 0.00000000000 0.00000000000 0.00000000000 0.00000000000 0.00000000000 0.00000000000 0.00000000000 0.00000000000 0.00000000000 0.00000000000 0.00000000000
# logsel_p1_fsh[2]:
 0.00000000000 0.00000000000 0.00000000000 0.00000000000 0.00000000000 0.00000000000 0.00000000000 0.00000000000 0.00000000000 0.00000000000 0.00000000000 0.00000000000 0.00000000000 0.00000000000 0.00000000000 0.00000000000 0.00000000000 0.00000000000 0.00000000000 0.00000000000 0.00000000000 0.00000000000 0.00000000000 0.00000000000 0.00000000000 0.00000000000 0.00000000000 0.00000000000 0.00000000000 0.00000000000 0.00000000000 0.00000000000 0.00000000000 0.00000000000
# logsel_p1_fsh[3]:
 0.00000000000 0.00000000000 0.00000000000 0.00000000000 0.00000000000 0.00000000000 0.00000000000 0.00000000000 0.00000000000 0.00000000000 0.00000000000 0.00000000000 0.00000000000 0.00000000000 0.00000000000 0.00000000000 0.00000000000 0.00000000000 0.00000000000 0.00000000000 0.00000000000 0.00000000000 0.00000000000 0.00000000000 0.00000000000 0.00000000000 0.00000000000 0.00000000000 0.00000000000 0.00000000000 0.00000000000 0.00000000000 0.00000000000 0.00000000000 0.00000000000 0.00000000000 0.00000000000
# logsel_p1_fsh[4]:
 0.00000000000 0.00000000000 0.00000000000 0.00000000000 0.00000000000 0.00000000000 0.00000000000 0.00000000000 0.00000000000 0.00000000000 0.00000000000 0.00000000000 0.00000000000 0.00000000000 0.00000000000 0.00000000000 0.00000000000 0.00000000000 0.00000000000 0.00000000000 0.00000000000 0.00000000000 0.00000000000 0.00000000000 0.00000000000 0.00000000000 0.00000000000 0.00000000000
# sel_p2_fsh[1]:
 0.00000000000 0.00000000000 0.00000000000 0.00000000000 0.00000000000 0.00000000000 0.00000000000 0.00000000000 0.00000000000 0.00000000000 0.00000000000 0.00000000000 0.00000000000 0.00000000000 0.00000000000 0.00000000000 0.00000000000 0.00000000000 0.00000000000 0.00000000000 0.00000000000 0.00000000000 0.00000000000 0.00000000000 0.00000000000 0.00000000000 0.00000000000 0.00000000000 0.00000000000 0.00000000000 0.00000000000 0.00000000000 0.00000000000
# sel_p2_fsh[2]:
 0.00000000000 0.00000000000 0.00000000000 0.00000000000 0.00000000000 0.00000000000 0.00000000000 0.00000000000 0.00000000000 0.00000000000 0.00000000000 0.00000000000 0.00000000000 0.00000000000 0.00000000000 0.00000000000 0.00000000000 0.00000000000 0.00000000000 0.00000000000 0.00000000000 0.00000000000 0.00000000000 0.00000000000 0.00000000000 0.00000000000 0.00000000000 0.00000000000 0.00000000000 0.00000000000 0.00000000000 0.00000000000 0.00000000000 0.00000000000
# sel_p2_fsh[3]:
 0.00000000000 0.00000000000 0.00000000000 0.00000000000 0.00000000000 0.00000000000 0.00000000000 0.00000000000 0.00000000000 0.00000000000 0.00000000000 0.00000000000 0.00000000000 0.00000000000 0.00000000000 0.00000000000 0.00000000000 0.00000000000 0.00000000000 0.00000000000 0.00000000000 0.00000000000 0.00000000000 0.00000000000 0.00000000000 0.00000000000 0.00000000000 0.00000000000 0.00000000000 0.00000000000 0.00000000000 0.00000000000 0.00000000000 0.00000000000 0.00000000000 0.00000000000 0.00000000000
# sel_p2_fsh[4]:
 0.00000000000 0.00000000000 0.00000000000 0.00000000000 0.00000000000 0.00000000000 0.00000000000 0.00000000000 0.00000000000 0.00000000000 0.00000000000 0.00000000000 0.00000000000 0.00000000000 0.00000000000 0.00000000000 0.00000000000 0.00000000000 0.00000000000 0.00000000000 0.00000000000 0.00000000000 0.00000000000 0.00000000000 0.00000000000 0.00000000000 0.00000000000 0.00000000000
# logsel_p3_fsh[1]:
 0.00000000000 0.00000000000 0.00000000000 0.00000000000 0.00000000000 0.00000000000 0.00000000000 0.00000000000 0.00000000000 0.00000000000 0.00000000000 0.00000000000 0.00000000000 0.00000000000 0.00000000000 0.00000000000 0.00000000000 0.00000000000 0.00000000000 0.00000000000 0.00000000000 0.00000000000 0.00000000000 0.00000000000 0.00000000000 0.00000000000 0.00000000000 0.00000000000 0.00000000000 0.00000000000 0.00000000000 0.00000000000 0.00000000000
# logsel_p3_fsh[2]:
 0.00000000000 0.00000000000 0.00000000000 0.00000000000 0.00000000000 0.00000000000 0.00000000000 0.00000000000 0.00000000000 0.00000000000 0.00000000000 0.00000000000 0.00000000000 0.00000000000 0.00000000000 0.00000000000 0.00000000000 0.00000000000 0.00000000000 0.00000000000 0.00000000000 0.00000000000 0.00000000000 0.00000000000 0.00000000000 0.00000000000 0.00000000000 0.00000000000 0.00000000000 0.00000000000 0.00000000000 0.00000000000 0.00000000000 0.00000000000
# logsel_p3_fsh[3]:
 0.00000000000 0.00000000000 0.00000000000 0.00000000000 0.00000000000 0.00000000000 0.00000000000 0.00000000000 0.00000000000 0.00000000000 0.00000000000 0.00000000000 0.00000000000 0.00000000000 0.00000000000 0.00000000000 0.00000000000 0.00000000000 0.00000000000 0.00000000000 0.00000000000 0.00000000000 0.00000000000 0.00000000000 0.00000000000 0.00000000000 0.00000000000 0.00000000000 0.00000000000 0.00000000000 0.00000000000 0.00000000000 0.00000000000 0.00000000000 0.00000000000 0.00000000000 0.00000000000
# logsel_p3_fsh[4]:
 0.00000000000 0.00000000000 0.00000000000 0.00000000000 0.00000000000 0.00000000000 0.00000000000 0.00000000000 0.00000000000 0.00000000000 0.00000000000 0.00000000000 0.00000000000 0.00000000000 0.00000000000 0.00000000000 0.00000000000 0.00000000000 0.00000000000 0.00000000000 0.00000000000 0.00000000000 0.00000000000 0.00000000000 0.00000000000 0.00000000000 0.00000000000 0.00000000000
# rec_dev_future:
 0.00000000000 0.00000000000 0.00000000000 0.00000000000 0.00000000000 0.00000000000 0.00000000000 0.00000000000 0.00000000000 0.00000000000 0.00000000000 0.00000000000 0.00000000000 0.00000000000 0.00000000000 0.00000000000 0.00000000000 0.00000000000 0.00000000000 0.00000000000
# log_q_ind[1]:
-0.0213176272065
# log_q_ind[2]:
-3.39768331333
# log_q_ind[3]:
-9.56136989537
# log_q_ind[4]:
-0.614899450582
# log_q_ind[5]:
-6.23212331843
# log_q_ind[6]:
-8.52169253101
# log_q_ind[7]:
-0.599176311239
# log_q_power_ind[1]:
0.00000000000
# log_q_power_ind[2]:
0.00000000000
# log_q_power_ind[3]:
0.00000000000
# log_q_power_ind[4]:
0.00000000000
# log_q_power_ind[5]:
0.00000000000
# log_q_power_ind[6]:
0.00000000000
# log_q_power_ind[7]:
0.00000000000
# log_rw_q_ind[1]:
 -1.15890880729
# log_rw_q_ind[3]:
 -0.204744856974
# log_selcoffs_ind[1]:
 -3.37693883369 -2.20910185140 -1.09300964091 -0.229475974585 0.236377977144 0.415828710723 0.419488468466 0.383181974213 0.379068699700 0.401833138307
 -3.34514865554 -2.43571044811 -1.55799121065 -0.752868971149 -0.0868639841711 0.357647428050 0.536531591767 0.556065785635 0.533290235407 0.525011980056
# log_selcoffs_ind[2]:
 -0.463353414357 0.0354390370588 0.336002747785 0.398292537931 0.225007975268 0.0205545549876 -0.127693472286 -0.217319677993 -0.276123187846 -0.315371872554
 0.107632775173 0.166346731741 0.185867807004 0.222027079175 0.178024863430 0.0548022958082 -0.108524228119 -0.267107106533 -0.377469826386 -0.426206215927
# log_selcoffs_ind[3]:
 -0.202940821038 0.0202027052767 0.0202027052767 0.0202027052767 0.0202027052767 0.0202027052767 0.0202027052767 0.0202027052767 0.0202027052767 0.0202027052767
# log_selcoffs_ind[4]:
 -2.78644392663 -1.76959616478 -0.890324755188 -0.325460457471 -0.0698065075043 0.106850178002 0.277017233374 0.443350237964 0.577413890999 0.658227927447
 -3.40977169383 -2.51543563086 -1.64060369879 -0.886308565292 -0.314210306924 0.105439067201 0.401789134318 0.610525967849 0.703922715195 0.732828809931
# log_selcoffs_ind[5]:
 -3.04452005677 -0.669616569639 0.101782682789 0.174353368097 0.174353368097 0.174353368097 0.174353368097 0.174353368097 0.174353368097 0.174353368097
# log_selcoffs_ind[6]:
 -3.04452005677 -0.669616569639 0.101782682789 0.174353368097 0.174353368097 0.174353368097 0.174353368097 0.174353368097 0.174353368097 0.174353368097
# log_selcoffs_ind[7]:
 -3.04452005677 -0.669616569639 0.101782682789 0.174353368097 0.174353368097 0.174353368097 0.174353368097 0.174353368097 0.174353368097 0.174353368097
# logsel_slope_ind[1]:
 0.00000000000 0.00000000000
# logsel_slope_ind[2]:
 0.00000000000 0.00000000000
# logsel_slope_ind[3]:
 0.00000000000
# logsel_slope_ind[4]:
 0.00000000000 0.00000000000
# logsel_slope_ind[5]:
 0.00000000000
# logsel_slope_ind[6]:
 0.00000000000
# logsel_slope_ind[7]:
 0.00000000000
# sel50_ind[1]:
 0.00000000000 0.00000000000
# sel50_ind[2]:
 0.00000000000 0.00000000000
# sel50_ind[3]:
 0.00000000000
# sel50_ind[4]:
 0.00000000000 0.00000000000
# sel50_ind[5]:
 0.00000000000
# sel50_ind[6]:
 0.00000000000
# sel50_ind[7]:
 0.00000000000
# logsel_p1_ind[1]:
 0.00000000000 0.00000000000
# logsel_p1_ind[2]:
 0.00000000000 0.00000000000
# logsel_p1_ind[3]:
 0.00000000000
# logsel_p1_ind[4]:
 0.00000000000 0.00000000000
# logsel_p1_ind[5]:
 0.00000000000
# logsel_p1_ind[6]:
 0.00000000000
# logsel_p1_ind[7]:
 0.00000000000
# sel_p2_ind[1]:
 0.00000000000 0.00000000000
# sel_p2_ind[2]:
 0.00000000000 0.00000000000
# sel_p2_ind[3]:
 0.00000000000
# sel_p2_ind[4]:
 0.00000000000 0.00000000000
# sel_p2_ind[5]:
 0.00000000000
# sel_p2_ind[6]:
 0.00000000000
# sel_p2_ind[7]:
 0.00000000000
# logsel_p3_ind[1]:
 0.00000000000 0.00000000000
# logsel_p3_ind[2]:
 0.00000000000 0.00000000000
# logsel_p3_ind[3]:
 0.00000000000
# logsel_p3_ind[4]:
 0.00000000000 0.00000000000
# logsel_p3_ind[5]:
 0.00000000000
# logsel_p3_ind[6]:
 0.00000000000
# logsel_p3_ind[7]:
 0.00000000000
