# Number of parameters = 1474 Objective function value = 1285.71650721324  Maximum gradient component = 0.0164211956449612
# Mest[1]:
0.230000000000
# Mest[2]:
0.330000000000
# log_Linf[1]:
4.30945594184
# log_Linf[2]:
4.38701417618
# log_k[1]:
-1.83258146375
# log_k[2]:
-1.83258146375
# log_Lo[1]:
2.89037175790
# log_Lo[2]:
2.89037175790
# log_sdage[1]:
-2.40794560865
# log_sdage[2]:
-2.40794560865
# mean_log_rec[1]:
9.51464519732
# mean_log_rec[2]:
8.22708333310
# mean_log_rec[3]:
7.71284050831
# steepness[1]:
0.650000000000
# steepness[2]:
0.650000000000
# steepness[3]:
0.650000000000
# log_Rzero[1]:
9.19620993963
# log_Rzero[2]:
8.27925705007
# log_Rzero[3]:
7.29163316357
# rec_dev:
 -0.439335746306 -0.512227030398 -0.591396999528 -0.677732794518 -0.768650759808 -0.860312262794 -0.827337227324 -0.831569162803 -0.678371776180 -0.614872712174 -0.524914043068 -0.357703954128 -0.396062943994 -0.352126805114 -0.293701726394 -0.109466079312 0.187351932088 0.383927294431 0.375513614987 0.332063117327 0.385591605755 0.505473471457 0.721949079489 0.719335764569 0.668103648180 1.32065103714 1.52189191522 0.702364039401 0.122828267752 0.324339028518 0.639721889638 0.775463815484 0.541131380012 0.312511991917 0.225200238631 0.297303375605 0.334494014445 0.488749933823 0.669742721617 0.568043269224 0.706281901300 0.689520108273 0.494451415627 -0.138043558119 -0.462395873761 -0.747344534276 -1.47105680767 -1.00932328682 -0.834603831440 -0.997468368152 -1.02938533366 -1.07034496538 -0.977331628689 -0.513015832349 -0.295169629242 -0.226648528192 -0.0599344103338 0.227854112596 0.431194236797 0.235036650769 0.223065455865 -0.0456773404011 0.0948449442903
 -0.000398622550513 -0.000526811979713 -0.000679850040299 -0.000854205389514 -0.00103754481157 -0.00120282981795 -0.00129910284022 -0.00121929874401 -0.00112310940323 -0.000739196991820 -5.01412299272e-05 0.0273991952511 0.0274274854567 0.0271814735292 0.0261680017535 0.0213337266006 0.0112641148684 -0.00346800234103 -0.0561013493997 0.346201036951 -0.0234159001433 -0.157050948098 -0.0561603558082 0.362900060022 -0.0871765613622 -0.300613935610 -0.579749267595 -0.0941815330541 0.344400106240 0.871251528302 0.225755707056 0.181241479855 -0.517406526336 -0.0321492393995 -0.420875731177 -0.603002933767 0.100031267954 0.234547365339 0.146391423643 -0.0999914263115 0.523590107721 1.14063831974 -0.456400607701 0.500628991372 -0.879237151137 -0.346585626891 0.541955505516 -0.140055863212 -1.37881470665 -2.11604504900 -0.579129896080 0.715601305633 -0.798001196706 -0.401981395205 -1.75297002644 -0.677640219716 -0.912127953662 -0.394371992218 1.05121413362 1.20827232215 0.453591581126 -0.439578681903 -0.0506572843048
# log_sigmar[1]:
-0.510825623766
# log_sigmar[2]:
-0.510825623766
# log_sigmar[3]:
-0.510825623766
# fmort:
 0.0112803904340 0.0166389025482 0.00757089404326 0.00960320215009 0.0185466662417 0.0228569516544 0.0277581606657 0.0239791778556 0.0468887177214 0.0390286574684 0.0265121665448 0.0386756280579 0.0743005891944 0.0288616598740 0.0680969684538 0.0455762809226 0.00444887196452 0.0203726708008 0.0167132749589 0.0147984709942 0.0140089224657 0.0185914668150 0.0201978954391 0.0224461407322 0.0148652007277 0.0199423498583 0.0337733180345 0.0131833255437 0.00373740443276 0.00613110486712 0.00984352869504 0.0202673171584 0.00862730461235 0.0119944972396 0.0132207846317 0.0217165536619 0.0275009580403 0.0412825667371 0.0563198071726 0.0528607575491 0.0710855560192 0.0131286938612 0.00532591061139 0.00616767247370 0.00647622573092 0.00805540509623 0.00601812026085 0.00861529042765 0.00277269156353 0.00170952340295 0.00516475266379 0.00440903001364
 0.00143476091852 0.00220597577189 0.00337481455190 0.00559710587516 0.00402298021404 0.00725867614925 0.00938648516753 0.0137159098108 0.0221243593501 0.0273667240569 0.0247807957464 0.0492315114025 0.0678178458780 0.0553780349693 0.0747222500515 0.105990965067 0.118746395586 0.159451176344 0.221069657650 0.230640119462 0.231799848907 0.291012783916 0.381139571830 0.363178354673 0.484746924389 0.644005442685 0.624357176358 0.625924151406 0.368028867703 0.237496592809 0.176087478804 0.205524440114 0.201830640058 0.185822248346 0.181635923495 0.182041021775 0.192305998195 0.230654647050 0.199368631846 0.268188448179 0.155547641033 0.111406850392 0.0958762488611 0.0768161413120 0.0742133628464 0.0746673151476 0.0839623923054 0.0790742790322 0.0858450912700 0.0791496768254 0.0720088709358 0.0703935761490
 0.000652223085093 0.00127197110068 0.00314680638517 0.00675273964258 0.0216740780812 0.00674061819199 0.00861748106126 0.120002500901 0.128657259864 0.105919837431 0.106789382866 0.148019352381 0.0476506660070 0.0273468273992 0.0310141824489 0.0223686882685 0.0121661895216 0.0137835797590 0.0541242606138 0.0447831596912 0.0388754962994 0.0318495023961 0.0189035731216 0.0324398848994 0.0539222820767 0.258478781436 0.450381866188 0.834297267761 0.747318606955 0.217010028769 0.155354679785 0.506046835783 0.0712223157800 0.0949260136243 0.0774878817698 0.0497906833102 0.132160857316 0.111858931726 0.122470997851 0.145630623929 0.0364804835358 0.183540580750 0.0858814417616 0.0523901343586 0.0550933686665 0.0230465346516 0.0110322208501 0.00532007864380 0.0155679805623 0.0165314099986 0.0148649349845 0.0218074854293
 2.02338146238e-13 2.14828155265e-13 0.000554929573420 2.32591723659e-13 2.36755060001e-13 2.40363284831e-13 3.52008004995e-06 0.000239139620122 0.00498539151194 0.0308808319834 0.0274436981246 0.0346757894733 0.0778562602125 0.0919611948491 0.122366663144 0.0988537376536 0.0935710153070 0.0968882692742 0.0991967143824 0.0814899181783 0.0664377064863 0.0417914291093 0.00359114370231 2.25652829755e-13 2.62290189568e-13 3.66373598126e-13 4.64628335806e-13 6.86672940731e-13 7.92699239582e-13 3.48455643007e-06 0.000628140494399 0.00435475783488 0.0131083389348 0.0251320917917 0.0440059417522 0.0373045983607 0.0560761667882 0.0845633296508 0.106014919464 0.142349212377 0.131103226471 0.0346577447690 0.0230543092624 0.0231016831008 0.0241328580011 0.0307296248244 0.0179476405136 0.0135985872300 0.0101022686491 0.00924264174122 0.000652151015173 0.00632993839455
# log_selcoffs_fsh[1]:
 -4.83177545957 -3.67873011949 -2.43789967677 -1.21919174109 -0.280066193978 0.511432917504 1.08635916843 0.891196475450 -0.275704908346
 -4.52192991731 -3.27975818798 -1.96368783065 -0.816392697189 -0.169531043078 0.456957538478 0.950067387318 0.802946181037 0.120284545530
 -4.18759712809 -2.93557240577 -1.71114040895 -0.686979391715 -0.00450643824264 0.533464298700 0.825444190507 0.667951552807 0.273455684153
 -3.78773974878 -2.44682508582 -1.32262370136 -0.523034842983 -0.0445771946271 0.393916994827 0.763844184132 0.685177274661 0.379679620829
 -3.56600950235 -2.13200108324 -0.767115743870 -0.0128968563073 0.208743034841 0.340275043681 0.490587780740 0.495886287598 0.398040422110
 -3.39888251546 -2.04195025971 -0.785557047671 0.0882463054622 0.481937029573 0.467727731625 0.362134357453 0.297114786555 0.255230395768
 -3.23784930214 -1.95325711062 -0.877838806379 -0.0654136176600 0.555340944553 0.678629153099 0.392181728505 0.167965200215 0.0859660184477
 -3.07288198952 -1.76260351358 -0.777887294086 -0.00848961421522 0.595282494890 0.711759610620 0.358825619746 0.0816259244703 -0.0373078930874
 -2.94327223617 -1.62714939349 -0.450164921679 0.200591849711 0.522960019383 0.588446113777 0.382136428234 0.0538298210228 -0.125278760231
 -2.78236802942 -1.36053806084 -0.181112906566 0.223005480296 0.527576245519 0.583486383203 0.298222611135 -0.0446426260695 -0.215026068896
 -2.61973495716 -0.989192133905 0.455888256029 0.447942433949 0.329351349019 0.286758215871 0.0802566522410 -0.157903537530 -0.283726464500
 -2.44783009771 -0.729291746476 0.440610067802 0.480058138710 0.440381046180 0.235847341533 -0.0433510064702 -0.248967434076 -0.349578943857
 -2.33277304878 -0.662999218475 0.474104245164 0.696980009566 0.402826109833 0.0870512301822 -0.187775995082 -0.353309984114 -0.422728836890
 -2.24267335937 -0.698280928518 0.483497611866 0.834054203024 0.396088396271 -0.0163872658006 -0.292034127264 -0.438589339903 -0.493348393583
 -2.36833319328 -0.833340609225 0.627391151381 0.870473165454 0.345487944942 -0.0722338178184 -0.351981775245 -0.509501294919 -0.572827392069
 -2.31792261798 -0.817936851307 0.670555248349 0.796229766755 0.396387813974 -0.0259600221654 -0.351472485130 -0.537315912516 -0.618212792197
 -2.11021701297 -0.589989364024 0.782208304203 0.718858979423 0.307188535428 -0.0642019241701 -0.365857340051 -0.557048860149 -0.649785095472
 -1.76162615357 -0.288168124522 0.572418631577 0.771200164902 0.376787798320 -0.0685910434975 -0.386343548535 -0.576645270127 -0.671248933451
 -1.63682295061 -0.266459951195 0.845175382999 0.727180111525 0.182872008303 -0.200572623168 -0.474091349877 -0.649301698559 -0.738335175513
 -1.38575881605 -0.150937345596 0.824233055985 0.713386665146 0.217063585316 -0.230120778747 -0.533337100665 -0.709851461911 -0.790275405517
 -1.30629906591 -0.0170153658826 0.883716306167 0.711225283982 0.141519101000 -0.316027864700 -0.626207032190 -0.795256299071 -0.861454721958
 -1.24777341267 -0.0907570949694 0.709966614011 0.933524153803 0.248822143707 -0.405542453283 -0.748863768297 -0.895605518450 -0.936891492919
 -1.16877903929 0.174167401068 0.922858491138 0.758317674265 0.0680671973495 -0.507944127696 -0.842990062615 -0.975774787226 -0.998713186118
 -1.30922351086 -0.0262311291592 0.902399381017 0.971333384117 0.00800484489044 -0.604526679496 -0.923760090122 -1.04757890015 -1.05928050335
 -1.44985207318 -0.0856290720972 0.932019821430 0.946657669713 0.0690597243757 -0.561566625826 -0.914537619407 -1.05803330527 -1.07560819410
 -1.40390216341 0.151996330623 0.754112097919 0.853322386385 0.220007337253 -0.359994859767 -0.809297501569 -0.999078722091 -1.02193930293
 -1.40302158895 -0.147068248314 0.606289678400 0.960274424727 0.301970618331 -0.232106110906 -0.687370959008 -0.900980736519 -0.940501009664
 -1.25758763740 0.229429974473 0.472009400210 0.767383102174 0.309841193206 -0.168659866543 -0.554946008204 -0.755634642846 -0.801571642815
 -1.14636158380 0.412668716887 0.630593072113 0.498736516684 0.117548325032 -0.200343045449 -0.454482031565 -0.603241135409 -0.652000782175
 -1.26861901827 0.00414023170006 0.498629223176 0.794866926677 0.143473885941 -0.227652158069 -0.390906375933 -0.470797986205 -0.506838185193
 -1.21700925033 0.400805150697 0.515934679422 0.295275250632 0.0320442131732 -0.134703215396 -0.230440883660 -0.281526741420 -0.305429133585
 -1.21905395300 0.372304215100 0.125433611404 0.160979187668 0.123820421321 0.0372487530304 -0.0384916463710 -0.0865774522228 -0.109761695297
 -1.49901808452 -0.726335462391 -0.215629480096 0.424683698882 0.390051489681 0.239863232051 0.129123217270 0.0574866523524 0.0126183673377
 -1.78298525624 -1.07959576977 -0.436781235043 0.115889031618 0.274447071500 0.409019216778 0.367605046071 0.253794766359 0.155999280275
 -1.62200625382 -0.862949493877 -0.449580749878 0.160889358269 0.201862307912 0.250051594624 0.309259258954 0.311427643568 0.287110837422
 -1.02967797729 -0.407181839011 -0.732836902702 -0.395544047129 -0.0561282019027 0.224256629379 0.399783533120 0.457460452572 0.441558758008
 -1.06883086225 -1.17639107206 -1.16050834469 -0.481403432910 -0.0557810538645 0.391998539835 0.548492864189 0.533204921489 0.442277551642
# log_selcoffs_fsh[2]:
 -6.48392369056 -5.03232504027 -3.57535932539 -1.96125679676 -0.577012076416 0.328406226359 0.988552880945 1.13554173890 0.515636193141 -0.921230011644
 -6.39814852057 -4.95459282471 -3.46049776993 -2.04443535312 -0.873879103626 0.189824156630 0.979740872910 1.17003178123 0.529459673211 -0.477753636911
 -6.27559191138 -4.89192639919 -3.49221927007 -2.13364735026 -1.01603448513 0.0449752152180 0.924156520193 1.15385792129 0.617601322204 -0.117515191146
 -6.10980425519 -4.75782412713 -3.46792568855 -2.22647994853 -1.14593855761 -0.180254900941 0.766357563635 1.14556518747 0.768989881572 0.217853761621
 -5.94334929613 -4.52382897308 -3.24682800888 -2.20823977083 -1.31522997739 -0.393327528978 0.591730112471 1.08286974641 0.890817557333 0.528945677957
 -5.78650355695 -4.44476259698 -3.14773756190 -1.96172129878 -1.13876193860 -0.520319105353 0.277069239773 0.897051671744 1.00942941766 0.863491239308
 -5.64481748280 -4.37620704212 -3.16654464931 -2.07922103969 -1.14788417269 -0.402066495384 0.170155738593 0.672561361457 0.982936472365 1.10308238629
 -5.53168754444 -4.30729783437 -3.15864321528 -2.15099433886 -1.27808515332 -0.567655890652 0.106067522859 0.588017540781 0.956637350050 1.24215101098
 -5.45715280199 -4.22562766400 -3.06836462741 -2.11262048666 -1.35677574126 -0.676966210862 0.0188750856305 0.609594001793 0.957664343661 1.27639923519
 -5.37117209809 -4.10565253054 -2.92273437331 -1.92517065774 -1.15524298082 -0.585799348930 -0.112093752469 0.477483215377 0.949532018208 1.33949633228
 -5.31605073342 -3.94751264784 -2.63976826623 -1.55882694430 -0.849745083126 -0.334180289467 0.0554507102259 0.370761697940 0.799085471129 1.34056842360
 -5.33109816438 -3.83147636984 -2.41874840577 -1.23239838761 -0.624079001986 -0.200180118659 0.115547263012 0.436158290533 0.854942415453 1.16877253508
 -5.35591355636 -3.68411790426 -2.07690792372 -0.802957948883 -0.262511963307 0.0893052638260 0.263795948573 0.443526327065 0.726636863724 0.957870750174
 -5.37594885122 -3.49945625370 -1.70780062967 -0.526165760167 0.100199915484 0.287380989711 0.336133811266 0.419200754519 0.578561326358 0.718309512555
 -5.35263073362 -3.28679892689 -1.33094925541 -0.0719360458985 0.356918889064 0.340598507992 0.229190551899 0.271437963908 0.447654114451 0.584613394859
 -5.29028908217 -3.08282270818 -1.02529865997 0.0871046321630 0.336000708289 0.299814230339 0.201648078340 0.231897693236 0.403127258252 0.570740128280
 -5.24885897525 -3.01403462702 -0.911343707534 0.0611536321668 0.321805864989 0.309478764956 0.201092242265 0.210586747163 0.386010607761 0.593346572348
 -5.22419461985 -3.18203124710 -1.25618708609 0.0287102733576 0.424134284065 0.389961005272 0.215668525998 0.187870192962 0.358789457767 0.562524070784
 -5.18763158658 -3.31315293150 -1.54396939239 -0.222932915340 0.482472447559 0.471279280254 0.242760922544 0.192675950880 0.365321363388 0.584428459902
 -5.11533170817 -3.35441776279 -1.66932593112 -0.385678934690 0.274612863952 0.407545909220 0.258326369150 0.239495566366 0.467103408009 0.747077529012
 -5.07897929161 -3.42941126484 -1.87545862130 -0.598472013876 0.163384351706 0.415517362337 0.311569923194 0.254083800903 0.492718225256 0.821620508093
 -5.08061109096 -3.51288090351 -2.04203561878 -0.869426800086 -0.0248511539564 0.444538902820 0.418720830922 0.328219314742 0.523056497992 0.825974282562
 -5.10133380343 -3.58333623561 -2.20968961155 -1.08156847444 -0.243053756063 0.434093398658 0.473080833775 0.409955697072 0.577800804386 0.831055731140
 -5.17141343151 -3.64592808350 -2.24934822345 -1.11633442395 -0.395167941156 0.205795844532 0.525293649661 0.514264015183 0.667886206032 0.841454123703
 -5.24918435335 -3.69227611695 -2.19583423302 -0.907294255537 -0.258724221879 0.0162965162003 0.333250808918 0.548987787435 0.714742448538 0.914621082747
 -5.36029708329 -3.75365008728 -2.28089497099 -1.02182329946 -0.253654926216 0.242234461408 0.355997630981 0.470265517983 0.674104513707 0.903969977211
 -5.56967740645 -3.92214416713 -2.30324993700 -0.937023700247 -0.162369963026 0.388314059019 0.507599207208 0.477538777870 0.580805764712 0.741540457766
 -5.77145907556 -4.08196016836 -2.34508584584 -0.682416803818 0.0661331378667 0.517623925902 0.518546919852 0.398310941713 0.527426278514 0.570366298589
 -5.96747247947 -4.25680421404 -2.55465856644 -0.982312032418 -0.0706152607448 0.768529902865 0.728643795205 0.402211975377 0.429460075939 0.291826425445
 -6.13795693101 -4.38478840605 -2.65243175316 -1.00899451264 0.263318268546 0.866308777410 0.783536587119 0.388651267085 0.161651008294 0.0308317407013
 -6.24540107889 -4.42061879671 -2.55237185958 -0.765470022474 0.371972089114 0.840321042997 0.710629127567 0.356215657429 0.142896230047 0.0568734653139
 -6.29402772389 -4.39992430388 -2.45676664986 -0.695547915488 0.370477061338 0.639059532045 0.639237066808 0.417513841127 0.294005484421 0.264845582226
 -6.30700318498 -4.36025522903 -2.30833182810 -0.571737891136 0.0245518613961 0.341544295222 0.575961232296 0.597437389953 0.506965616732 0.490367133816
 -6.33520609770 -4.44072211441 -2.54006717690 -0.910063457074 -0.0696049313503 0.386827342404 0.604451687292 0.644478995837 0.557040043481 0.481978353719
 -6.31749680060 -4.49185602906 -2.62702758976 -1.10784050283 -0.347111763858 0.211005728681 0.601458964596 0.722866422678 0.669259297430 0.590496935536
 -6.27849647873 -4.58924937506 -2.93298982910 -1.34505384531 -0.403854415631 0.106266498851 0.536338983894 0.738171666078 0.758240202547 0.671913908843
 -6.25437658189 -4.68168608773 -3.16243395294 -1.70622433154 -0.662513999414 0.0268406614907 0.532281427063 0.777463383812 0.836997357184 0.710006086608
 -6.22680067053 -4.70562733100 -3.24002761491 -1.88602286326 -0.947956244037 -0.172312778190 0.481261988065 0.821208742055 0.916107917798 0.778402970670
# log_selcoffs_fsh[3]:
 -2.48752454396 0.189681887259 1.46980751644 0.160082611630 -1.89749587709 -3.64261676751 -4.61660457215
 -2.47978173725 0.737291547122 1.27314170674 0.0876123628847 -2.05807148419 -3.69606497135 -4.62243148743
# log_selcoffs_fsh[4]:
 -5.91891359709 -4.78833765667 -3.63313253573 -2.41476110886 -1.14073537580 0.0606177933651 0.931288795166 1.12821372896 0.622283316308
 -5.90573045896 -4.76794787090 -3.59853775703 -2.32953548897 -1.00781651702 0.155007821975 0.938884790881 1.06574433298 0.626614389164
 -5.86982098649 -4.72930253806 -3.56421671137 -2.32730813114 -1.02986121203 0.135738120146 0.922916485087 1.07086847861 0.655183882156
 -5.80226748242 -4.65126744708 -3.49619075939 -2.30737542615 -1.06766817381 0.0690660816232 0.879407613989 1.08460877648 0.729731973603
 -5.72917815863 -4.55191446717 -3.38472882520 -2.22959514845 -1.03626786933 0.0747260972733 0.841996401913 1.05810662668 0.793206086309
 -5.65359264400 -4.49201260051 -3.31373883190 -2.13406786459 -1.02330781198 0.00554020209118 0.794831251455 1.07165197203 0.846441378518
 -5.55571657794 -4.41641655941 -3.24886249879 -2.04469909104 -0.942942724218 0.0239383211501 0.765868947475 1.03353820644 0.892102937298
 -5.42431203689 -4.28705630636 -3.17046229290 -2.01141797230 -0.903071105542 0.00704898776191 0.720575089232 1.02827684958 0.932875758670
 -5.28744716558 -4.10545551594 -3.03029169040 -2.01880613327 -0.989057444884 -0.0232066079510 0.712091931492 1.01844104513 0.971246266437
 -5.15631698034 -3.96859302296 -2.83948551807 -1.81838710135 -0.919721550149 -0.0663760176992 0.630750141154 0.996774760766 1.04085493116
 -5.05220350559 -3.84840567699 -2.70659955404 -1.67668875574 -0.767110738424 -0.00417005616392 0.587565910536 0.934595184861 1.06903205982
 -4.97573535540 -3.72689039911 -2.56109542101 -1.54719975725 -0.663460698163 0.0749349189791 0.582573267360 0.888470296113 1.05223257401
 -4.91085641281 -3.57487601293 -2.33847799883 -1.34797715231 -0.588734645731 0.0753534850131 0.582836514671 0.866555169317 1.03149862705
 -4.84310282747 -3.38292441573 -1.96893209810 -0.965249653835 -0.386204367161 0.0628934318227 0.460382993810 0.813093848339 1.04857305985
 -4.77173596343 -3.23480105321 -1.72583718687 -0.625620937083 -0.128264962907 0.0965728206023 0.352912499278 0.715370241839 1.02606049985
 -4.68334967914 -3.11027498696 -1.51891079363 -0.376079033030 -0.0368981487465 0.0798555359610 0.292817642162 0.653330276621 1.00489889792
 -4.61792374890 -3.08039884212 -1.54211146924 -0.388432251624 -0.0266829360055 0.139794223848 0.335829330943 0.637592534350 0.969797263087
 -4.56439862951 -3.16693613667 -1.88775394927 -0.910870375390 -0.228907688695 0.325153597384 0.574849132292 0.687543736368 0.895489427909
 -4.47415376781 -3.19930852375 -2.05243093972 -1.16507720301 -0.455264384494 0.178106884494 0.590313719517 0.820836794362 0.956011487405
 -4.40898214073 -3.21005110904 -2.14062484509 -1.30688465580 -0.665205869392 -0.0251125375036 0.574473857717 0.937145903757 1.00831757283
 -4.33124758710 -3.13963923257 -2.07405667780 -1.32614830813 -0.758931595658 -0.204172128868 0.432357424332 0.975854747347 1.12316478955
 -4.25757785779 -3.02873138607 -1.79702746273 -1.16628429554 -0.756964580267 -0.217369598364 0.333215287413 0.845514496779 1.24179125079
 -4.21227769032 -3.08956089259 -2.05020678435 -1.26938432426 -0.721247354839 -0.127879992790 0.363806949991 0.813562155467 1.24390159726
 -4.12060755377 -3.05458167937 -2.06600877376 -1.27447153075 -0.698847822885 -0.183769431463 0.303967598032 0.796954554764 1.28842506994
 -4.10661515018 -3.05105382076 -1.97865847071 -1.03061058725 -0.413518238294 0.0868629373171 0.450260257279 0.783653449964 1.07532320884
 -3.91410045440 -2.85312839932 -1.66591092743 -0.868006233301 -0.382791341165 0.0631760793898 0.446661581493 0.770697923651 1.04452313218
 -3.60053339466 -2.67203855888 -1.68403968295 -0.898909659960 -0.397198169612 0.0387974055950 0.456000217998 0.811463902573 1.01893087440
 -3.07664017497 -2.31335428504 -1.54297002401 -0.923038308112 -0.465547311855 -0.0871859593906 0.312901345444 0.762379711434 1.15965923251
 -2.32069235053 -1.74107833567 -1.31735881241 -0.947106518362 -0.700742356979 -0.403913259906 0.0887366257610 0.730103562919 1.31875200680
 -2.20973712228 -1.65208446347 -1.11482764686 -0.816812780602 -0.725718646483 -0.592229411142 -0.123538358575 0.651926421718 1.40823177478
 -1.79697012523 -1.15324566721 -1.09985128984 -1.10185332369 -0.972791804983 -0.758950135701 -0.257393574900 0.586753579505 1.48975854301
 -1.43442020511 -0.646001337803 -0.810669719326 -1.18718375987 -1.20321046019 -0.922799417063 -0.346835458238 0.530688692000 1.47780450493
# log_sel_spl_fsh[1]:
 0.00000000000 0.00000000000 0.00000000000 0.00000000000
 0.00000000000 0.00000000000 0.00000000000 0.00000000000
 0.00000000000 0.00000000000 0.00000000000 0.00000000000
 0.00000000000 0.00000000000 0.00000000000 0.00000000000
 0.00000000000 0.00000000000 0.00000000000 0.00000000000
 0.00000000000 0.00000000000 0.00000000000 0.00000000000
 0.00000000000 0.00000000000 0.00000000000 0.00000000000
 0.00000000000 0.00000000000 0.00000000000 0.00000000000
 0.00000000000 0.00000000000 0.00000000000 0.00000000000
 0.00000000000 0.00000000000 0.00000000000 0.00000000000
 0.00000000000 0.00000000000 0.00000000000 0.00000000000
 0.00000000000 0.00000000000 0.00000000000 0.00000000000
 0.00000000000 0.00000000000 0.00000000000 0.00000000000
 0.00000000000 0.00000000000 0.00000000000 0.00000000000
 0.00000000000 0.00000000000 0.00000000000 0.00000000000
 0.00000000000 0.00000000000 0.00000000000 0.00000000000
 0.00000000000 0.00000000000 0.00000000000 0.00000000000
 0.00000000000 0.00000000000 0.00000000000 0.00000000000
 0.00000000000 0.00000000000 0.00000000000 0.00000000000
 0.00000000000 0.00000000000 0.00000000000 0.00000000000
 0.00000000000 0.00000000000 0.00000000000 0.00000000000
 0.00000000000 0.00000000000 0.00000000000 0.00000000000
 0.00000000000 0.00000000000 0.00000000000 0.00000000000
 0.00000000000 0.00000000000 0.00000000000 0.00000000000
 0.00000000000 0.00000000000 0.00000000000 0.00000000000
 0.00000000000 0.00000000000 0.00000000000 0.00000000000
 0.00000000000 0.00000000000 0.00000000000 0.00000000000
 0.00000000000 0.00000000000 0.00000000000 0.00000000000
 0.00000000000 0.00000000000 0.00000000000 0.00000000000
 0.00000000000 0.00000000000 0.00000000000 0.00000000000
 0.00000000000 0.00000000000 0.00000000000 0.00000000000
 0.00000000000 0.00000000000 0.00000000000 0.00000000000
 0.00000000000 0.00000000000 0.00000000000 0.00000000000
 0.00000000000 0.00000000000 0.00000000000 0.00000000000
 0.00000000000 0.00000000000 0.00000000000 0.00000000000
 0.00000000000 0.00000000000 0.00000000000 0.00000000000
 0.00000000000 0.00000000000 0.00000000000 0.00000000000
# log_sel_spl_fsh[2]:
 0.00000000000 0.00000000000 0.00000000000 0.00000000000
 0.00000000000 0.00000000000 0.00000000000 0.00000000000
 0.00000000000 0.00000000000 0.00000000000 0.00000000000
 0.00000000000 0.00000000000 0.00000000000 0.00000000000
 0.00000000000 0.00000000000 0.00000000000 0.00000000000
 0.00000000000 0.00000000000 0.00000000000 0.00000000000
 0.00000000000 0.00000000000 0.00000000000 0.00000000000
 0.00000000000 0.00000000000 0.00000000000 0.00000000000
 0.00000000000 0.00000000000 0.00000000000 0.00000000000
 0.00000000000 0.00000000000 0.00000000000 0.00000000000
 0.00000000000 0.00000000000 0.00000000000 0.00000000000
 0.00000000000 0.00000000000 0.00000000000 0.00000000000
 0.00000000000 0.00000000000 0.00000000000 0.00000000000
 0.00000000000 0.00000000000 0.00000000000 0.00000000000
 0.00000000000 0.00000000000 0.00000000000 0.00000000000
 0.00000000000 0.00000000000 0.00000000000 0.00000000000
 0.00000000000 0.00000000000 0.00000000000 0.00000000000
 0.00000000000 0.00000000000 0.00000000000 0.00000000000
 0.00000000000 0.00000000000 0.00000000000 0.00000000000
 0.00000000000 0.00000000000 0.00000000000 0.00000000000
 0.00000000000 0.00000000000 0.00000000000 0.00000000000
 0.00000000000 0.00000000000 0.00000000000 0.00000000000
 0.00000000000 0.00000000000 0.00000000000 0.00000000000
 0.00000000000 0.00000000000 0.00000000000 0.00000000000
 0.00000000000 0.00000000000 0.00000000000 0.00000000000
 0.00000000000 0.00000000000 0.00000000000 0.00000000000
 0.00000000000 0.00000000000 0.00000000000 0.00000000000
 0.00000000000 0.00000000000 0.00000000000 0.00000000000
 0.00000000000 0.00000000000 0.00000000000 0.00000000000
 0.00000000000 0.00000000000 0.00000000000 0.00000000000
 0.00000000000 0.00000000000 0.00000000000 0.00000000000
 0.00000000000 0.00000000000 0.00000000000 0.00000000000
 0.00000000000 0.00000000000 0.00000000000 0.00000000000
 0.00000000000 0.00000000000 0.00000000000 0.00000000000
 0.00000000000 0.00000000000 0.00000000000 0.00000000000
 0.00000000000 0.00000000000 0.00000000000 0.00000000000
 0.00000000000 0.00000000000 0.00000000000 0.00000000000
 0.00000000000 0.00000000000 0.00000000000 0.00000000000
# log_sel_spl_fsh[3]:
 0.00000000000 0.00000000000 0.00000000000 0.00000000000
 0.00000000000 0.00000000000 0.00000000000 0.00000000000
# log_sel_spl_fsh[4]:
 0.00000000000 0.00000000000 0.00000000000 0.00000000000
 0.00000000000 0.00000000000 0.00000000000 0.00000000000
 0.00000000000 0.00000000000 0.00000000000 0.00000000000
 0.00000000000 0.00000000000 0.00000000000 0.00000000000
 0.00000000000 0.00000000000 0.00000000000 0.00000000000
 0.00000000000 0.00000000000 0.00000000000 0.00000000000
 0.00000000000 0.00000000000 0.00000000000 0.00000000000
 0.00000000000 0.00000000000 0.00000000000 0.00000000000
 0.00000000000 0.00000000000 0.00000000000 0.00000000000
 0.00000000000 0.00000000000 0.00000000000 0.00000000000
 0.00000000000 0.00000000000 0.00000000000 0.00000000000
 0.00000000000 0.00000000000 0.00000000000 0.00000000000
 0.00000000000 0.00000000000 0.00000000000 0.00000000000
 0.00000000000 0.00000000000 0.00000000000 0.00000000000
 0.00000000000 0.00000000000 0.00000000000 0.00000000000
 0.00000000000 0.00000000000 0.00000000000 0.00000000000
 0.00000000000 0.00000000000 0.00000000000 0.00000000000
 0.00000000000 0.00000000000 0.00000000000 0.00000000000
 0.00000000000 0.00000000000 0.00000000000 0.00000000000
 0.00000000000 0.00000000000 0.00000000000 0.00000000000
 0.00000000000 0.00000000000 0.00000000000 0.00000000000
 0.00000000000 0.00000000000 0.00000000000 0.00000000000
 0.00000000000 0.00000000000 0.00000000000 0.00000000000
 0.00000000000 0.00000000000 0.00000000000 0.00000000000
 0.00000000000 0.00000000000 0.00000000000 0.00000000000
 0.00000000000 0.00000000000 0.00000000000 0.00000000000
 0.00000000000 0.00000000000 0.00000000000 0.00000000000
 0.00000000000 0.00000000000 0.00000000000 0.00000000000
 0.00000000000 0.00000000000 0.00000000000 0.00000000000
 0.00000000000 0.00000000000 0.00000000000 0.00000000000
 0.00000000000 0.00000000000 0.00000000000 0.00000000000
 0.00000000000 0.00000000000 0.00000000000 0.00000000000
# logsel_slope_fsh[1]:
 0.00000000000 0.00000000000 0.00000000000 0.00000000000 0.00000000000 0.00000000000 0.00000000000 0.00000000000 0.00000000000 0.00000000000 0.00000000000 0.00000000000 0.00000000000 0.00000000000 0.00000000000 0.00000000000 0.00000000000 0.00000000000 0.00000000000 0.00000000000 0.00000000000 0.00000000000 0.00000000000 0.00000000000 0.00000000000 0.00000000000 0.00000000000 0.00000000000 0.00000000000 0.00000000000 0.00000000000 0.00000000000 0.00000000000 0.00000000000 0.00000000000 0.00000000000 0.00000000000
# logsel_slope_fsh[2]:
 0.00000000000 0.00000000000 0.00000000000 0.00000000000 0.00000000000 0.00000000000 0.00000000000 0.00000000000 0.00000000000 0.00000000000 0.00000000000 0.00000000000 0.00000000000 0.00000000000 0.00000000000 0.00000000000 0.00000000000 0.00000000000 0.00000000000 0.00000000000 0.00000000000 0.00000000000 0.00000000000 0.00000000000 0.00000000000 0.00000000000 0.00000000000 0.00000000000 0.00000000000 0.00000000000 0.00000000000 0.00000000000 0.00000000000 0.00000000000 0.00000000000 0.00000000000 0.00000000000 0.00000000000
# logsel_slope_fsh[3]:
 0.00000000000 0.00000000000
# logsel_slope_fsh[4]:
 0.00000000000 0.00000000000 0.00000000000 0.00000000000 0.00000000000 0.00000000000 0.00000000000 0.00000000000 0.00000000000 0.00000000000 0.00000000000 0.00000000000 0.00000000000 0.00000000000 0.00000000000 0.00000000000 0.00000000000 0.00000000000 0.00000000000 0.00000000000 0.00000000000 0.00000000000 0.00000000000 0.00000000000 0.00000000000 0.00000000000 0.00000000000 0.00000000000 0.00000000000 0.00000000000 0.00000000000 0.00000000000
# sel50_fsh[1]:
 0.00000000000 0.00000000000 0.00000000000 0.00000000000 0.00000000000 0.00000000000 0.00000000000 0.00000000000 0.00000000000 0.00000000000 0.00000000000 0.00000000000 0.00000000000 0.00000000000 0.00000000000 0.00000000000 0.00000000000 0.00000000000 0.00000000000 0.00000000000 0.00000000000 0.00000000000 0.00000000000 0.00000000000 0.00000000000 0.00000000000 0.00000000000 0.00000000000 0.00000000000 0.00000000000 0.00000000000 0.00000000000 0.00000000000 0.00000000000 0.00000000000 0.00000000000 0.00000000000
# sel50_fsh[2]:
 0.00000000000 0.00000000000 0.00000000000 0.00000000000 0.00000000000 0.00000000000 0.00000000000 0.00000000000 0.00000000000 0.00000000000 0.00000000000 0.00000000000 0.00000000000 0.00000000000 0.00000000000 0.00000000000 0.00000000000 0.00000000000 0.00000000000 0.00000000000 0.00000000000 0.00000000000 0.00000000000 0.00000000000 0.00000000000 0.00000000000 0.00000000000 0.00000000000 0.00000000000 0.00000000000 0.00000000000 0.00000000000 0.00000000000 0.00000000000 0.00000000000 0.00000000000 0.00000000000 0.00000000000
# sel50_fsh[3]:
 0.00000000000 0.00000000000
# sel50_fsh[4]:
 0.00000000000 0.00000000000 0.00000000000 0.00000000000 0.00000000000 0.00000000000 0.00000000000 0.00000000000 0.00000000000 0.00000000000 0.00000000000 0.00000000000 0.00000000000 0.00000000000 0.00000000000 0.00000000000 0.00000000000 0.00000000000 0.00000000000 0.00000000000 0.00000000000 0.00000000000 0.00000000000 0.00000000000 0.00000000000 0.00000000000 0.00000000000 0.00000000000 0.00000000000 0.00000000000 0.00000000000 0.00000000000
# logsel_p1_fsh[1]:
 0.00000000000 0.00000000000 0.00000000000 0.00000000000 0.00000000000 0.00000000000 0.00000000000 0.00000000000 0.00000000000 0.00000000000 0.00000000000 0.00000000000 0.00000000000 0.00000000000 0.00000000000 0.00000000000 0.00000000000 0.00000000000 0.00000000000 0.00000000000 0.00000000000 0.00000000000 0.00000000000 0.00000000000 0.00000000000 0.00000000000 0.00000000000 0.00000000000 0.00000000000 0.00000000000 0.00000000000 0.00000000000 0.00000000000 0.00000000000 0.00000000000 0.00000000000 0.00000000000
# logsel_p1_fsh[2]:
 0.00000000000 0.00000000000 0.00000000000 0.00000000000 0.00000000000 0.00000000000 0.00000000000 0.00000000000 0.00000000000 0.00000000000 0.00000000000 0.00000000000 0.00000000000 0.00000000000 0.00000000000 0.00000000000 0.00000000000 0.00000000000 0.00000000000 0.00000000000 0.00000000000 0.00000000000 0.00000000000 0.00000000000 0.00000000000 0.00000000000 0.00000000000 0.00000000000 0.00000000000 0.00000000000 0.00000000000 0.00000000000 0.00000000000 0.00000000000 0.00000000000 0.00000000000 0.00000000000 0.00000000000
# logsel_p1_fsh[3]:
 0.00000000000 0.00000000000
# logsel_p1_fsh[4]:
 0.00000000000 0.00000000000 0.00000000000 0.00000000000 0.00000000000 0.00000000000 0.00000000000 0.00000000000 0.00000000000 0.00000000000 0.00000000000 0.00000000000 0.00000000000 0.00000000000 0.00000000000 0.00000000000 0.00000000000 0.00000000000 0.00000000000 0.00000000000 0.00000000000 0.00000000000 0.00000000000 0.00000000000 0.00000000000 0.00000000000 0.00000000000 0.00000000000 0.00000000000 0.00000000000 0.00000000000 0.00000000000
# sel_p2_fsh[1]:
 0.00000000000 0.00000000000 0.00000000000 0.00000000000 0.00000000000 0.00000000000 0.00000000000 0.00000000000 0.00000000000 0.00000000000 0.00000000000 0.00000000000 0.00000000000 0.00000000000 0.00000000000 0.00000000000 0.00000000000 0.00000000000 0.00000000000 0.00000000000 0.00000000000 0.00000000000 0.00000000000 0.00000000000 0.00000000000 0.00000000000 0.00000000000 0.00000000000 0.00000000000 0.00000000000 0.00000000000 0.00000000000 0.00000000000 0.00000000000 0.00000000000 0.00000000000 0.00000000000
# sel_p2_fsh[2]:
 0.00000000000 0.00000000000 0.00000000000 0.00000000000 0.00000000000 0.00000000000 0.00000000000 0.00000000000 0.00000000000 0.00000000000 0.00000000000 0.00000000000 0.00000000000 0.00000000000 0.00000000000 0.00000000000 0.00000000000 0.00000000000 0.00000000000 0.00000000000 0.00000000000 0.00000000000 0.00000000000 0.00000000000 0.00000000000 0.00000000000 0.00000000000 0.00000000000 0.00000000000 0.00000000000 0.00000000000 0.00000000000 0.00000000000 0.00000000000 0.00000000000 0.00000000000 0.00000000000 0.00000000000
# sel_p2_fsh[3]:
 0.00000000000 0.00000000000
# sel_p2_fsh[4]:
 0.00000000000 0.00000000000 0.00000000000 0.00000000000 0.00000000000 0.00000000000 0.00000000000 0.00000000000 0.00000000000 0.00000000000 0.00000000000 0.00000000000 0.00000000000 0.00000000000 0.00000000000 0.00000000000 0.00000000000 0.00000000000 0.00000000000 0.00000000000 0.00000000000 0.00000000000 0.00000000000 0.00000000000 0.00000000000 0.00000000000 0.00000000000 0.00000000000 0.00000000000 0.00000000000 0.00000000000 0.00000000000
# logsel_p3_fsh[1]:
 0.00000000000 0.00000000000 0.00000000000 0.00000000000 0.00000000000 0.00000000000 0.00000000000 0.00000000000 0.00000000000 0.00000000000 0.00000000000 0.00000000000 0.00000000000 0.00000000000 0.00000000000 0.00000000000 0.00000000000 0.00000000000 0.00000000000 0.00000000000 0.00000000000 0.00000000000 0.00000000000 0.00000000000 0.00000000000 0.00000000000 0.00000000000 0.00000000000 0.00000000000 0.00000000000 0.00000000000 0.00000000000 0.00000000000 0.00000000000 0.00000000000 0.00000000000 0.00000000000
# logsel_p3_fsh[2]:
 0.00000000000 0.00000000000 0.00000000000 0.00000000000 0.00000000000 0.00000000000 0.00000000000 0.00000000000 0.00000000000 0.00000000000 0.00000000000 0.00000000000 0.00000000000 0.00000000000 0.00000000000 0.00000000000 0.00000000000 0.00000000000 0.00000000000 0.00000000000 0.00000000000 0.00000000000 0.00000000000 0.00000000000 0.00000000000 0.00000000000 0.00000000000 0.00000000000 0.00000000000 0.00000000000 0.00000000000 0.00000000000 0.00000000000 0.00000000000 0.00000000000 0.00000000000 0.00000000000 0.00000000000
# logsel_p3_fsh[3]:
 0.00000000000 0.00000000000
# logsel_p3_fsh[4]:
 0.00000000000 0.00000000000 0.00000000000 0.00000000000 0.00000000000 0.00000000000 0.00000000000 0.00000000000 0.00000000000 0.00000000000 0.00000000000 0.00000000000 0.00000000000 0.00000000000 0.00000000000 0.00000000000 0.00000000000 0.00000000000 0.00000000000 0.00000000000 0.00000000000 0.00000000000 0.00000000000 0.00000000000 0.00000000000 0.00000000000 0.00000000000 0.00000000000 0.00000000000 0.00000000000 0.00000000000 0.00000000000
# rec_dev_future:
 0.00000000000 0.00000000000 0.00000000000 0.00000000000 0.00000000000 0.00000000000 0.00000000000 0.00000000000 0.00000000000 0.00000000000 0.00000000000 0.00000000000 0.00000000000 0.00000000000 0.00000000000 0.00000000000 0.00000000000 0.00000000000 0.00000000000 0.00000000000
 0.00000000000 0.00000000000 0.00000000000 0.00000000000 0.00000000000 0.00000000000 0.00000000000 0.00000000000 0.00000000000 0.00000000000 0.00000000000 0.00000000000 0.00000000000 0.00000000000 0.00000000000 0.00000000000 0.00000000000 0.00000000000 0.00000000000 0.00000000000
# log_q_ind[1]:
-0.0763726656054
# log_q_ind[2]:
-2.95021801557
# log_q_ind[3]:
-9.54166682630
# log_q_ind[4]:
-0.810894036251
# log_q_ind[5]:
-3.85817706542
# log_q_ind[6]:
-6.17517329244
# log_q_ind[7]:
-0.978114531761
# log_q_power_ind[1]:
0.00000000000
# log_q_power_ind[2]:
0.00000000000
# log_q_power_ind[3]:
0.00000000000
# log_q_power_ind[4]:
0.00000000000
# log_q_power_ind[5]:
0.00000000000
# log_q_power_ind[6]:
0.00000000000
# log_q_power_ind[7]:
0.00000000000
# log_rw_q_ind[1]:
 -1.22377844940
# log_rw_q_ind[3]:
 -0.347885015602
# log_selcoffs_ind[1]:
 -3.22194363918 -2.10181738793 -1.03036443032 -0.197617188219 0.266656020156 0.458811735443 0.456419086245 0.383827477746 0.322631801328 0.296752904443
 -3.18871408112 -2.25045902058 -1.33684254444 -0.501823408520 0.146423423575 0.496552923984 0.567616396923 0.476272296427 0.366940719408 0.312735464864
# log_selcoffs_ind[2]:
 -0.714133209725 -0.203197821875 0.113381803050 0.220712314133 0.111668964662 -0.0103802233700 -0.0372830321786 0.0276765035219 0.0979891685391 0.117791408825
 -0.247578158103 -0.0464845212223 0.0662800300831 0.168864856444 0.186746638406 0.111807832669 0.00121002171822 -0.0836588053153 -0.121280363375 -0.125694655735
 0.148029228751 0.0416287707837 0.0521783998469 0.164216471139 0.210034625353 0.116925363161 -0.0567127213006 -0.216693359857 -0.307039472268 -0.325048100866
# log_selcoffs_ind[3]:
 -0.202940821038 0.0202027052767 0.0202027052767 0.0202027052767 0.0202027052767 0.0202027052767 0.0202027052767 0.0202027052767 0.0202027052767 0.0202027052767
# log_selcoffs_ind[4]:
 -2.39958992288 -1.40582401896 -0.560029384262 -0.0473567172840 0.129692182299 0.209978112153 0.278092967983 0.345193270140 0.399456492839 0.433810061992
 -3.02378145204 -2.16643014216 -1.32968379041 -0.617576015345 -0.103536059748 0.246546821332 0.468966333617 0.575927915292 0.571159811062 0.533156083673
# log_selcoffs_ind[5]:
 -3.04452005677 -0.669616569639 0.101782682789 0.174353368097 0.174353368097 0.174353368097 0.174353368097 0.174353368097 0.174353368097 0.174353368097
# log_selcoffs_ind[6]:
 -3.04452005677 -0.669616569639 0.101782682789 0.174353368097 0.174353368097 0.174353368097 0.174353368097 0.174353368097 0.174353368097 0.174353368097
# log_selcoffs_ind[7]:
 -3.04452005677 -0.669616569639 0.101782682789 0.174353368097 0.174353368097 0.174353368097 0.174353368097 0.174353368097 0.174353368097 0.174353368097
# logsel_slope_ind[1]:
 0.00000000000 0.00000000000
# logsel_slope_ind[2]:
 0.00000000000 0.00000000000 0.00000000000
# logsel_slope_ind[3]:
 0.00000000000
# logsel_slope_ind[4]:
 0.00000000000 0.00000000000
# logsel_slope_ind[5]:
 0.00000000000
# logsel_slope_ind[6]:
 0.00000000000
# logsel_slope_ind[7]:
 0.00000000000
# sel50_ind[1]:
 0.00000000000 0.00000000000
# sel50_ind[2]:
 0.00000000000 0.00000000000 0.00000000000
# sel50_ind[3]:
 0.00000000000
# sel50_ind[4]:
 0.00000000000 0.00000000000
# sel50_ind[5]:
 0.00000000000
# sel50_ind[6]:
 0.00000000000
# sel50_ind[7]:
 0.00000000000
# logsel_p1_ind[1]:
 0.00000000000 0.00000000000
# logsel_p1_ind[2]:
 0.00000000000 0.00000000000 0.00000000000
# logsel_p1_ind[3]:
 0.00000000000
# logsel_p1_ind[4]:
 0.00000000000 0.00000000000
# logsel_p1_ind[5]:
 0.00000000000
# logsel_p1_ind[6]:
 0.00000000000
# logsel_p1_ind[7]:
 0.00000000000
# sel_p2_ind[1]:
 0.00000000000 0.00000000000
# sel_p2_ind[2]:
 0.00000000000 0.00000000000 0.00000000000
# sel_p2_ind[3]:
 0.00000000000
# sel_p2_ind[4]:
 0.00000000000 0.00000000000
# sel_p2_ind[5]:
 0.00000000000
# sel_p2_ind[6]:
 0.00000000000
# sel_p2_ind[7]:
 0.00000000000
# logsel_p3_ind[1]:
 0.00000000000 0.00000000000
# logsel_p3_ind[2]:
 0.00000000000 0.00000000000 0.00000000000
# logsel_p3_ind[3]:
 0.00000000000
# logsel_p3_ind[4]:
 0.00000000000 0.00000000000
# logsel_p3_ind[5]:
 0.00000000000
# logsel_p3_ind[6]:
 0.00000000000
# logsel_p3_ind[7]:
 0.00000000000
