# Number of parameters = 1468 Objective function value = 1254.61591407942  Maximum gradient component = 0.0285084886202461
# Mest[1]:
0.230000000000
# Mest[2]:
0.330000000000
# log_Linf[1]:
4.30945594184
# log_Linf[2]:
4.38701417618
# log_k[1]:
-1.83258146375
# log_k[2]:
-1.83258146375
# log_Lo[1]:
2.89037175790
# log_Lo[2]:
2.89037175790
# log_sdage[1]:
-2.40794560865
# log_sdage[2]:
-2.40794560865
# mean_log_rec[1]:
9.49807508965
# mean_log_rec[2]:
8.35855495260
# mean_log_rec[3]:
7.75588540708
# steepness[1]:
0.650000000000
# steepness[2]:
0.650000000000
# steepness[3]:
0.650000000000
# log_Rzero[1]:
9.17140600542
# log_Rzero[2]:
8.40651221356
# log_Rzero[3]:
7.44721010850
# rec_dev:
 -0.437229931009 -0.509865968292 -0.588757001215 -0.674806708552 -0.765405508403 -0.856698675073 -0.823104797826 -0.826828383036 -0.672701788090 -0.607532787043 -0.515876193776 -0.347252478206 -0.384464476954 -0.339343332656 -0.279862873394 -0.0945989731103 0.203326750180 0.400612302710 0.392226139074 0.348726230662 0.402797513366 0.523728398977 0.740811898110 0.737874895777 0.685842665577 1.33815242419 1.53896652171 0.718504954161 0.138072608890 0.340009718852 0.655881765343 0.791711262454 0.556596447773 0.327324591776 0.239419797813 0.311100157153 0.347170137408 0.500477940544 0.681565455445 0.581755276364 0.721369515558 0.705495470182 0.511557470323 -0.121136655891 -0.453702174961 -0.745442207721 -1.47184800626 -1.01389229347 -0.841904713861 -1.00895440098 -1.04008390229 -1.08580990390 -0.997937765597 -0.499521494649 -0.290987968058 -0.269510680554 -0.107805850932 0.206333383858 0.333376198819 0.258439169831 0.0162929177962 0.0252583569621
 -0.000140865214268 -0.000174134739494 -0.000202602788347 -0.000213690596929 -0.000188182042988 -9.02352209096e-05 0.000137706861487 0.000611045321834 0.00118635587067 0.00212625750669 0.00346249121464 0.0278214118753 0.0284978653008 0.0290084068963 0.0291718945351 0.0275991413531 0.0210739139022 0.00951324069900 -0.0418635903077 0.361581971040 -0.0123566878120 -0.110929557650 0.00432390399519 0.420342626137 -0.0375542102058 -0.242792479144 -0.532496996173 -0.0470625475197 0.366059057496 0.894160457193 0.278427458043 0.243787927820 -0.456955624363 -1.51631603611e-05 -0.449482583750 -0.673565300438 -0.00935006918545 0.0671525849481 0.0287230048358 -0.123797665335 0.533554104109 1.12890393256 -0.351935497527 0.579675330425 -0.652641705621 -0.219037028214 0.679277788144 -0.0504219822531 -1.21458128593 -2.03578749016 -0.521542223941 0.765720316632 -0.561212531554 -0.228884344733 -1.57015733548 -0.493937495718 -0.753028581472 -0.261543672040 1.15735208403 0.791092044160 -0.584527644966 -0.0775662129967
# log_sigmar[1]:
-0.510825623766
# log_sigmar[2]:
-0.510825623766
# log_sigmar[3]:
-0.510825623766
# fmort:
 0.0114466307593 0.0168763264294 0.00767427426599 0.00972619420797 0.0187651655510 0.0231009573989 0.0280243411369 0.0241820061641 0.0472465963009 0.0392934994934 0.0266624713545 0.0388566928309 0.0746193976980 0.0289766044291 0.0683833397486 0.0457345391291 0.00446131517553 0.0204109330874 0.0167293591885 0.0148050270755 0.0140126457411 0.0185960297708 0.0202040784337 0.0224559323366 0.0148750156143 0.0199675507970 0.0338455312194 0.0132320368386 0.00375649613846 0.00616422980055 0.00988784997400 0.0203296941535 0.00864634280890 0.0120130247493 0.0132432256364 0.0218351442950 0.0277731076937 0.0419032430891 0.0574443458142 0.0543048255533 0.0736466527492 0.0136617509061 0.00554773526542 0.00640871330762 0.00672849463196 0.00832997034532 0.00621834881132 0.00889898151405 0.00291939229981 0.00194149469927 0.00593079773078
 0.00145428828490 0.00223540783225 0.00341841089328 0.00566525200455 0.00406817624896 0.00733235610273 0.00947196906940 0.0138248973906 0.0222812379431 0.0275406242418 0.0249135827180 0.0494478899628 0.0680724664330 0.0555817124558 0.0750927069909 0.106609789789 0.119484002434 0.160399994629 0.222229161994 0.231531307602 0.232262666103 0.291268101078 0.381453666271 0.363550621029 0.485483408022 0.645533765698 0.626225821501 0.629186825894 0.371390789193 0.241062070451 0.180825425221 0.211974554877 0.208896898246 0.192328304281 0.187535216319 0.187129416534 0.196556714992 0.235209350816 0.203169331171 0.275067522587 0.162245599086 0.117589176112 0.101511930487 0.0814413745862 0.0787366431002 0.0789503284501 0.0879485592037 0.0825001616263 0.0884289614713 0.0785472701005 0.0635762623767
 0.000578414653314 0.00112707258954 0.00279824262150 0.00598622476934 0.0190994489585 0.00592883879971 0.00755780109959 0.102111427691 0.103296542551 0.0826076193534 0.0828177967797 0.111468933713 0.0358403067571 0.0213463196092 0.0248746722804 0.0184309911951 0.0101057594572 0.0114958394941 0.0439447087681 0.0364257639206 0.0320739509834 0.0263050459889 0.0155325669352 0.0268801280603 0.0447078270036 0.213463589796 0.364185512484 0.687044842833 0.602770899774 0.162397897196 0.117898810715 0.374439964439 0.0526422950780 0.0768642722075 0.0626930138191 0.0413853257887 0.0989281326707 0.0814575571566 0.0962615162603 0.117192873060 0.0293545244950 0.145298599056 0.0676493807734 0.0417350062423 0.0428741118114 0.0187482281172 0.00858537669207 0.00441123246794 0.0124887667019 0.0156580074450 0.0213953841505
 2.07334149849e-13 2.18991491607e-13 0.000563456686325 2.35367281221e-13 2.40363284831e-13 2.42028619368e-13 3.56450077926e-06 0.000241873355389 0.00504045990507 0.0312084644868 0.0277084863846 0.0349859344122 0.0784896386289 0.0927824033945 0.123487124221 0.0997051271412 0.0943131836728 0.0974824240543 0.0995926092942 0.0817190355652 0.0665817353446 0.0418629641720 0.00359496911345 2.25375273999e-13 2.65065747129e-13 3.69704267200e-13 4.63795668537e-13 6.85285161950e-13 7.94364574119e-13 3.52361517880e-06 0.000637181135020 0.00442719149330 0.0133296661031 0.0255168021514 0.0446197893975 0.0377581271402 0.0566477953875 0.0854700043890 0.107397155999 0.145200006381 0.136755875192 0.0367487961197 0.0247158540631 0.0251475378558 0.0265453716222 0.0340382047249 0.0202628976877 0.0159627058800 0.0119210400232 0.0107256739186 0.000456449188823
# log_selcoffs_fsh[1]:
 -4.83476600872 -3.68235167188 -2.44189076032 -1.22302016104 -0.283275271986 0.509131005843 1.08551932592 0.893167095949 -0.268450756404
 -4.52421151742 -3.28248708812 -1.96682435347 -0.819753563658 -0.172691804800 0.454545497205 0.949242966468 0.804881497694 0.125877120958
 -4.18931102027 -2.93756054485 -1.71346218078 -0.689658072792 -0.00734276774659 0.531175815392 0.824856101583 0.669917591684 0.278098445476
 -3.78892736348 -2.44816071825 -1.32421319244 -0.525004372500 -0.0469563434663 0.391681323642 0.763055736700 0.686798765961 0.383631032337
 -3.56677985086 -2.13277387183 -0.768006811413 -0.0141377867470 0.207058086202 0.338525529164 0.489849229501 0.497366961109 0.401429640506
 -3.39946097827 -2.04241851237 -0.785988781562 0.0876103906895 0.480945952512 0.466669126742 0.361724228156 0.298207702753 0.257846670536
 -3.23825234887 -1.95351638473 -0.877981115804 -0.0656137166589 0.554853117631 0.677971324725 0.391909962381 0.168688886713 0.0877915196776
 -3.07305080831 -1.76268755421 -0.777867951706 -0.00843338201056 0.595148017936 0.711315903670 0.358514809956 0.0820055632520 -0.0361270702009
 -2.94315698600 -1.62707265657 -0.450114799632 0.200668452656 0.522966472972 0.588212174832 0.381830245021 0.0539282130766 -0.124589414682
 -2.78195374732 -1.36021587676 -0.181001486199 0.222998400696 0.527538069859 0.583363752497 0.298052962232 -0.0446247909302 -0.214649826840
 -2.61908261710 -0.988597356697 0.456255291932 0.447922171455 0.329150739783 0.286510060394 0.0800351539579 -0.157981875895 -0.283593693712
 -2.44703108188 -0.728500443411 0.441202348119 0.480223952086 0.440086738657 0.235409286675 -0.0437455798832 -0.249213908058 -0.349661187007
 -2.33196771952 -0.662215494286 0.474711370726 0.697206476829 0.402596925006 0.0865214069216 -0.188349986361 -0.353763283858 -0.423031153757
 -2.24207544120 -0.697682163405 0.483919808576 0.834267153526 0.396024021266 -0.0167388492255 -0.292594095594 -0.439167690067 -0.493846838454
 -2.36826570612 -0.833099339743 0.627590729923 0.870627018626 0.345636434677 -0.0723052378247 -0.352358705499 -0.510095274732 -0.573490749904
 -2.31857275161 -0.818301399829 0.670507633340 0.796455938697 0.396790674012 -0.0257593224342 -0.351689569343 -0.537933506476 -0.619074975803
 -2.11132684633 -0.591004115933 0.781907384102 0.719304348459 0.307932894710 -0.0637264595775 -0.365950148736 -0.557728502381 -0.650866977805
 -1.76259412508 -0.289417037382 0.571783277797 0.771777956239 0.377830226833 -0.0679042339167 -0.386392780786 -0.577461003295 -0.672604807405
 -1.63683115222 -0.267122301562 0.844857945071 0.727652884495 0.183838171915 -0.199958283642 -0.474252616954 -0.650301656939 -0.739951417709
 -1.38403299228 -0.150748987246 0.824140639446 0.713856956647 0.217605588969 -0.230046543629 -0.534032571688 -0.711337089989 -0.792345925423
 -1.30214208892 -0.0152376915428 0.883948138242 0.711372646508 0.141379942615 -0.316870507104 -0.627796418687 -0.797471433075 -0.864100291144
 -1.24136397685 -0.0864158241274 0.711298130816 0.933040314806 0.247405799906 -0.407769427964 -0.751751036332 -0.898837766543 -0.940266447542
 -1.16140369059 0.180294873024 0.925604496306 0.756457912959 0.0641600187159 -0.512546842528 -0.847919277974 -0.980644402996 -1.00329729407
 -1.30203161824 -0.0201879093522 0.906374943751 0.970625015799 0.00288204711209 -0.611169765658 -0.930737318271 -1.05412174354 -1.06503218822
 -1.44378127011 -0.0807843766513 0.935552587191 0.947506197548 0.0650270156189 -0.568964114167 -0.923130186268 -1.06614234105 -1.08241711150
 -1.39926916392 0.155295727252 0.756220495482 0.855214520012 0.218920347593 -0.365010853600 -0.817196013914 -1.00738449022 -1.02898819175
 -1.40031896148 -0.145937546725 0.606697755231 0.961240903562 0.302869892564 -0.232813293037 -0.690636056994 -0.905933366888 -0.945448055176
 -1.25603450826 0.228276610180 0.470190494276 0.768019682945 0.311666071692 -0.167042380724 -0.554644426938 -0.756927083551 -0.803521895898
 -1.14592886577 0.411527817380 0.629154233253 0.499370468838 0.120159985412 -0.198110636722 -0.454011404757 -0.604462172954 -0.654228448130
 -1.26978112857 0.00375838026134 0.498895741084 0.795707686692 0.145400797847 -0.226411488063 -0.391756319040 -0.473730548821 -0.510834820639
 -1.20537048079 0.398381622162 0.519099210307 0.298961038306 0.0337031145440 -0.135507698024 -0.233784085313 -0.286800602363 -0.311575297387
 -1.17966249172 0.383236882478 0.127715605777 0.163228303685 0.122176197136 0.0311050828512 -0.0474636717010 -0.0959081588387 -0.118426592784
 -1.42746941289 -0.680079066242 -0.195994311727 0.426597746656 0.385365940619 0.227890237874 0.114146745782 0.0457044798739 0.00565724511074
 -1.66749022157 -0.991114385398 -0.379478809530 0.134138419847 0.264522863445 0.384667331524 0.340967880993 0.237624724997 0.153469237200
 -1.42494155880 -0.716004284001 -0.346687592738 0.198320775475 0.176913997680 0.190757230981 0.249715679658 0.279961382138 0.288154616802
 -0.711363330575 -0.137474163632 -0.553673137932 -0.365280728351 -0.127456408665 0.104931689476 0.285128148569 0.393469115506 0.448281920158
 -0.448109382828 -0.670716450349 -0.816569912192 -0.495278008061 -0.203518494964 0.202944535509 0.399643011856 0.464076923263 0.516278395892
# log_selcoffs_fsh[2]:
 -6.48863429238 -5.03757918436 -3.58083487695 -1.96632572242 -0.581215658689 0.325216811461 0.986830128034 1.13614096101 0.519646576773 -0.911943061665
 -6.40231249125 -4.95932316917 -3.46577283994 -2.05019916853 -0.879791995533 0.184600527175 0.976670854769 1.17085461945 0.534987479319 -0.468429833399
 -6.27908573432 -4.89598477135 -3.49693020885 -2.13929247305 -1.02257714448 0.0385120414144 0.919731416961 1.15422603224 0.623595991950 -0.107717924840
 -6.11257962169 -4.76103952987 -3.47167610390 -2.23094040754 -1.15123971546 -0.186036172738 0.761336867952 1.14408090247 0.773752083889 0.227670657157
 -5.94589069604 -4.52658608835 -3.24990036089 -2.21178995934 -1.31935966835 -0.397960051689 0.587183836347 1.08045087751 0.893625676757 0.536721710863
 -5.78898512244 -4.44721552076 -3.15028101975 -1.96459850000 -1.14209206806 -0.524094007642 0.272974489942 0.894029641244 1.01052908158 0.869220176582
 -5.64763123481 -4.37873126657 -3.16886266157 -2.08148789432 -1.15026393627 -0.404674734673 0.167323624803 0.670166387718 0.982956629432 1.10669451983
 -5.53496000007 -4.31001849363 -3.16089798194 -2.15288232821 -1.27961093665 -0.568885718624 0.104715412459 0.586546811262 0.956239566807 1.24407512462
 -5.46064141160 -4.22832752370 -3.07043773105 -2.11428344840 -1.35812964846 -0.678059672312 0.0178639232501 0.608628608491 0.957419304290 1.27770946146
 -5.37476389798 -4.10824103488 -2.92461060122 -1.92675665249 -1.15672767737 -0.587175287537 -0.113401217762 0.476451298358 0.949413136735 1.34074308706
 -5.31963060891 -3.94986049226 -2.64130146603 -1.56024049844 -0.851350297478 -0.335897648551 0.0538039728407 0.369384403020 0.798656651074 1.34241694832
 -5.33488449554 -3.83374608837 -2.42002805986 -1.23364783325 -0.625882831777 -0.202387273922 0.113325224184 0.434555515582 0.854834600323 1.17142213011
 -5.36034793145 -3.68666368886 -2.07808165593 -0.803750451909 -0.263660586100 0.0873755478409 0.261541373702 0.441908707923 0.727074423043 0.960982792500
 -5.38145146965 -3.50269461873 -1.70915536405 -0.526669722454 0.0996602360811 0.286082796639 0.334170230699 0.417765285248 0.579255863640 0.721561015820
 -5.35931522300 -3.29119008164 -1.33299103941 -0.0726403430951 0.356237354259 0.338940136773 0.226957194948 0.270146615775 0.448960208469 0.588588170126
 -5.29766594688 -3.08897581530 -1.02926085750 0.0846696128382 0.333509925744 0.296126048167 0.198055459764 0.230973466020 0.406593916894 0.578169191008
 -5.25575929705 -3.02286854559 -0.919644698784 0.0541592454791 0.314753491479 0.301866965132 0.195376680138 0.210575115546 0.393984259225 0.607845917578
 -5.22802311757 -3.19304093992 -1.27374078111 0.00801524774675 0.405145530154 0.376212306838 0.209570258045 0.192217804514 0.376430224485 0.591847808341
 -5.18935125861 -3.32505022063 -1.56411460784 -0.246720509260 0.459006244721 0.452957550472 0.233265539280 0.196515847756 0.386563771481 0.620887037023
 -5.11385598496 -3.36470932189 -1.68947547481 -0.410685655950 0.248615490063 0.383712749383 0.241797754803 0.237045186405 0.485876660694 0.786180320069
 -5.07444542724 -3.43636564487 -1.89269225137 -0.621319266967 0.138896498110 0.391008410455 0.291190083940 0.246122572652 0.507577753430 0.861982204880
 -5.07351702393 -3.51570773403 -2.05434329202 -0.888788604555 -0.0472733353799 0.421434940706 0.397669874269 0.317172564220 0.534805626551 0.866259843831
 -5.09255995093 -3.58224994669 -2.21584717307 -1.09457039160 -0.261314666255 0.413593392133 0.453471358769 0.397603660723 0.585544401853 0.867953567909
 -5.16233880140 -3.64248100540 -2.25017623179 -1.12104639750 -0.405934405030 0.189691276948 0.508050606835 0.502309189491 0.672224859670 0.870608564729
 -5.23915591714 -3.68701650840 -2.19280661951 -0.904331617633 -0.259520668446 0.00677132812024 0.317740204997 0.535235579035 0.714190744688 0.936334362564
 -5.34915576783 -3.74814982804 -2.27765884149 -1.01647759411 -0.246511027120 0.243492793708 0.345934599022 0.456167205605 0.669460991898 0.918514904687
 -5.55698585000 -3.91792262611 -2.30385236051 -0.936814603028 -0.158038490561 0.394436317412 0.506628422241 0.467929251412 0.574921409056 0.748479639144
 -5.75326101824 -4.07670705725 -2.34935926342 -0.690119251718 0.0607433447372 0.516657112067 0.518133949027 0.395539472853 0.528046586961 0.578961018422
 -5.94331025249 -4.25031152475 -2.56176469435 -0.994395567292 -0.0785335082335 0.766166396748 0.728839252626 0.403403905264 0.432434600452 0.299688732730
 -6.10728823429 -4.37637506028 -2.66075177419 -1.02304504782 0.254506581012 0.867401008057 0.788307732102 0.390905735538 0.162007519199 0.0309257803044
 -6.20476006537 -4.40839442546 -2.56118743815 -0.782030818860 0.359620203811 0.839414795531 0.720504147485 0.365433436398 0.143450981791 0.0511317855088
 -6.24068841313 -4.38017461065 -2.46660263659 -0.714241374954 0.356069896044 0.635669029580 0.651073824058 0.433912919383 0.297905063826 0.252455740996
 -6.24090197283 -4.32608151399 -2.30927656938 -0.595751504580 0.0130588663485 0.342299469545 0.589123419751 0.615783629090 0.509765654728 0.466628778944
 -6.25496257452 -4.38435507135 -2.51187346049 -0.911693927173 -0.0808408074907 0.392745600481 0.620649302494 0.658976267098 0.552434076979 0.450337639136
 -6.22328387372 -4.41004681518 -2.56424423774 -1.06993901800 -0.335722489156 0.213907779899 0.618768602036 0.736657090201 0.657908858030 0.551695455301
 -6.17342848433 -4.47514728411 -2.82716017324 -1.25825441915 -0.336392104201 0.137941359498 0.544572878846 0.746274030610 0.736675973843 0.620020927133
 -6.14619925616 -4.53347934376 -2.98932742363 -1.54268455623 -0.494362486780 0.154640231343 0.572753168091 0.754692435750 0.777777461766 0.625436394822
 -6.12374812583 -4.51913633158 -2.97514537528 -1.59239618060 -0.563535691162 0.130725416627 0.574141144454 0.770346373577 0.771706668928 0.654412318074
# log_selcoffs_fsh[3]:
 -2.34912785855 0.291133186281 1.47732550848 0.0375696632835 -2.12951715182 -3.89135034393 -4.85418419395
 -2.32882080224 0.870170593868 1.29691319395 -0.307014053056 -2.35996536163 -3.94115399232 -4.85437305849
# log_selcoffs_fsh[4]:
 -5.92726620669 -4.79581621756 -3.63991405702 -2.42111540831 -1.14670898345 0.0555331984290 0.928343248219 1.12940269162 0.628654853363
 -5.91402174784 -4.77530342154 -3.60511936410 -2.33561863657 -1.01354850561 0.150003442429 0.935906875958 1.06708628495 0.633258841822
 -5.87822278182 -4.73665986034 -3.57068452902 -2.33314496252 -1.03525128242 0.130974707258 0.919892435318 1.07198494859 0.661675488483
 -5.81087554505 -4.65867415716 -3.50258603074 -2.31304046691 -1.07277644044 0.0646023342936 0.876378642371 1.08530422372 0.735789690778
 -5.73801861494 -4.55932196786 -3.39098768137 -2.23511719991 -1.04127094388 0.0703764801387 0.838998784513 1.05861461092 0.798998484271
 -5.66289965316 -4.49953714982 -3.31988612807 -2.13949263841 -1.02838089895 0.00108501652678 0.791921925343 1.07211436006 0.851724663602
 -5.56555269237 -4.42396362003 -3.25465810809 -2.04964369293 -0.947754644579 0.0193917330749 0.762797220374 1.03409757459 0.897224882324
 -5.43511275041 -4.29492089117 -3.17599722038 -2.01574031432 -0.907166454255 0.00296199425112 0.717548440154 1.02862124852 0.937576708847
 -5.29964531399 -4.11413727799 -3.03593604450 -2.02270125977 -0.992438439989 -0.0265162927781 0.709504294997 1.01855208233 0.975189586586
 -5.17011520694 -3.97836151792 -2.84569215501 -1.82217936034 -0.922600298179 -0.0690617374360 0.628636202670 0.996737240807 1.04401558617
 -5.06769915698 -3.85934003989 -2.71357088230 -1.68085711769 -0.769856530860 -0.00646642565644 0.585861558183 0.934657911291 1.07178671724
 -4.99308870276 -3.73905678755 -2.56887584038 -1.55195305580 -0.666470610272 0.0727824451535 0.581124281773 0.888725714758 1.05497139020
 -4.93028013836 -3.58837335061 -2.34713921396 -1.35350553970 -0.592428401607 0.0728822946566 0.581441359127 0.867041326387 1.03464124839
 -4.86484647073 -3.39795048998 -1.97880831964 -0.972102323443 -0.391273005632 0.0594449171826 0.458891314336 0.814305138014 1.05255323605
 -4.79652128862 -3.25163690047 -1.73674967484 -0.633431246638 -0.134202654810 0.0926498713984 0.351621012534 0.717388818544 1.03113100355
 -4.71220532251 -3.12943547013 -1.53063857856 -0.384002424906 -0.0427951440908 0.0759862683653 0.291698110612 0.655776433998 1.01063798675
 -4.65202294221 -3.10282390167 -1.55489549865 -0.395692992984 -0.0312829925840 0.136895568846 0.334883661029 0.639671733986 0.975149955960
 -4.60455367786 -3.19321842200 -1.90187938816 -0.917234460091 -0.232340980499 0.322855839625 0.573611029002 0.688664443081 0.900398522621
 -4.52103881551 -3.23008441945 -2.06930965418 -1.17203133970 -0.457536610411 0.176575203667 0.589058572771 0.820979881694 0.960337019437
 -4.46336356729 -3.24599668645 -2.16087888183 -1.31687434641 -0.668587020012 -0.0241129064998 0.574006111796 0.935202573854 1.01329005634
 -4.40172106956 -3.19010546543 -2.10727262237 -1.35022173347 -0.777027451529 -0.207401853911 0.441380265902 0.988837776995 1.11527287017
 -4.33339429395 -3.08447411311 -1.83624304947 -1.19586101819 -0.779762083577 -0.228454824955 0.336349937618 0.853692554323 1.24612843956
 -4.29858819566 -3.15610506327 -2.10136849352 -1.31196375320 -0.756575468627 -0.148755578080 0.362113034635 0.821533816857 1.25585659656
 -4.22220957750 -3.13565605953 -2.13114931018 -1.33003276602 -0.745507522285 -0.216066573781 0.294018319712 0.808454378698 1.30624232174
 -4.22310989833 -3.14750845801 -2.05701482899 -1.09503824208 -0.466624126089 0.0493586350937 0.436352214673 0.797436766277 1.11034845331
 -4.04729127143 -2.96588281457 -1.76282292070 -0.948146647648 -0.452034810141 0.00896030093161 0.420623782221 0.786773012836 1.10109442238
 -3.76914539879 -2.81160459945 -1.79915754878 -0.994553187385 -0.474460300986 -0.0171541086707 0.431985348151 0.831186712521 1.07838416812
 -3.28747004569 -2.49021986614 -1.68755686783 -1.04622042543 -0.569347498641 -0.162043737999 0.273481980557 0.776029259129 1.23543264630
 -2.60350986014 -1.99279660984 -1.52285814431 -1.10099590632 -0.819711489371 -0.494149496143 0.0374757986744 0.737461434398 1.40108168200
 -2.64244474847 -2.03359881640 -1.40813334601 -0.993808238086 -0.821549000042 -0.656732953755 -0.166976459028 0.661464732428 1.49088972310
 -2.43587323559 -1.81114212005 -1.53440499465 -1.27228549116 -0.980879756727 -0.721998935084 -0.226143383232 0.623530709075 1.55379178620
 -2.41824199480 -1.90135223199 -1.55614943035 -1.29303825294 -1.03335863547 -0.711699814061 -0.146937547642 0.710153802321 1.51114169406
# log_sel_spl_fsh[1]:
 0.00000000000 0.00000000000 0.00000000000 0.00000000000
 0.00000000000 0.00000000000 0.00000000000 0.00000000000
 0.00000000000 0.00000000000 0.00000000000 0.00000000000
 0.00000000000 0.00000000000 0.00000000000 0.00000000000
 0.00000000000 0.00000000000 0.00000000000 0.00000000000
 0.00000000000 0.00000000000 0.00000000000 0.00000000000
 0.00000000000 0.00000000000 0.00000000000 0.00000000000
 0.00000000000 0.00000000000 0.00000000000 0.00000000000
 0.00000000000 0.00000000000 0.00000000000 0.00000000000
 0.00000000000 0.00000000000 0.00000000000 0.00000000000
 0.00000000000 0.00000000000 0.00000000000 0.00000000000
 0.00000000000 0.00000000000 0.00000000000 0.00000000000
 0.00000000000 0.00000000000 0.00000000000 0.00000000000
 0.00000000000 0.00000000000 0.00000000000 0.00000000000
 0.00000000000 0.00000000000 0.00000000000 0.00000000000
 0.00000000000 0.00000000000 0.00000000000 0.00000000000
 0.00000000000 0.00000000000 0.00000000000 0.00000000000
 0.00000000000 0.00000000000 0.00000000000 0.00000000000
 0.00000000000 0.00000000000 0.00000000000 0.00000000000
 0.00000000000 0.00000000000 0.00000000000 0.00000000000
 0.00000000000 0.00000000000 0.00000000000 0.00000000000
 0.00000000000 0.00000000000 0.00000000000 0.00000000000
 0.00000000000 0.00000000000 0.00000000000 0.00000000000
 0.00000000000 0.00000000000 0.00000000000 0.00000000000
 0.00000000000 0.00000000000 0.00000000000 0.00000000000
 0.00000000000 0.00000000000 0.00000000000 0.00000000000
 0.00000000000 0.00000000000 0.00000000000 0.00000000000
 0.00000000000 0.00000000000 0.00000000000 0.00000000000
 0.00000000000 0.00000000000 0.00000000000 0.00000000000
 0.00000000000 0.00000000000 0.00000000000 0.00000000000
 0.00000000000 0.00000000000 0.00000000000 0.00000000000
 0.00000000000 0.00000000000 0.00000000000 0.00000000000
 0.00000000000 0.00000000000 0.00000000000 0.00000000000
 0.00000000000 0.00000000000 0.00000000000 0.00000000000
 0.00000000000 0.00000000000 0.00000000000 0.00000000000
 0.00000000000 0.00000000000 0.00000000000 0.00000000000
 0.00000000000 0.00000000000 0.00000000000 0.00000000000
# log_sel_spl_fsh[2]:
 0.00000000000 0.00000000000 0.00000000000 0.00000000000
 0.00000000000 0.00000000000 0.00000000000 0.00000000000
 0.00000000000 0.00000000000 0.00000000000 0.00000000000
 0.00000000000 0.00000000000 0.00000000000 0.00000000000
 0.00000000000 0.00000000000 0.00000000000 0.00000000000
 0.00000000000 0.00000000000 0.00000000000 0.00000000000
 0.00000000000 0.00000000000 0.00000000000 0.00000000000
 0.00000000000 0.00000000000 0.00000000000 0.00000000000
 0.00000000000 0.00000000000 0.00000000000 0.00000000000
 0.00000000000 0.00000000000 0.00000000000 0.00000000000
 0.00000000000 0.00000000000 0.00000000000 0.00000000000
 0.00000000000 0.00000000000 0.00000000000 0.00000000000
 0.00000000000 0.00000000000 0.00000000000 0.00000000000
 0.00000000000 0.00000000000 0.00000000000 0.00000000000
 0.00000000000 0.00000000000 0.00000000000 0.00000000000
 0.00000000000 0.00000000000 0.00000000000 0.00000000000
 0.00000000000 0.00000000000 0.00000000000 0.00000000000
 0.00000000000 0.00000000000 0.00000000000 0.00000000000
 0.00000000000 0.00000000000 0.00000000000 0.00000000000
 0.00000000000 0.00000000000 0.00000000000 0.00000000000
 0.00000000000 0.00000000000 0.00000000000 0.00000000000
 0.00000000000 0.00000000000 0.00000000000 0.00000000000
 0.00000000000 0.00000000000 0.00000000000 0.00000000000
 0.00000000000 0.00000000000 0.00000000000 0.00000000000
 0.00000000000 0.00000000000 0.00000000000 0.00000000000
 0.00000000000 0.00000000000 0.00000000000 0.00000000000
 0.00000000000 0.00000000000 0.00000000000 0.00000000000
 0.00000000000 0.00000000000 0.00000000000 0.00000000000
 0.00000000000 0.00000000000 0.00000000000 0.00000000000
 0.00000000000 0.00000000000 0.00000000000 0.00000000000
 0.00000000000 0.00000000000 0.00000000000 0.00000000000
 0.00000000000 0.00000000000 0.00000000000 0.00000000000
 0.00000000000 0.00000000000 0.00000000000 0.00000000000
 0.00000000000 0.00000000000 0.00000000000 0.00000000000
 0.00000000000 0.00000000000 0.00000000000 0.00000000000
 0.00000000000 0.00000000000 0.00000000000 0.00000000000
 0.00000000000 0.00000000000 0.00000000000 0.00000000000
 0.00000000000 0.00000000000 0.00000000000 0.00000000000
# log_sel_spl_fsh[3]:
 0.00000000000 0.00000000000 0.00000000000 0.00000000000
 0.00000000000 0.00000000000 0.00000000000 0.00000000000
# log_sel_spl_fsh[4]:
 0.00000000000 0.00000000000 0.00000000000 0.00000000000
 0.00000000000 0.00000000000 0.00000000000 0.00000000000
 0.00000000000 0.00000000000 0.00000000000 0.00000000000
 0.00000000000 0.00000000000 0.00000000000 0.00000000000
 0.00000000000 0.00000000000 0.00000000000 0.00000000000
 0.00000000000 0.00000000000 0.00000000000 0.00000000000
 0.00000000000 0.00000000000 0.00000000000 0.00000000000
 0.00000000000 0.00000000000 0.00000000000 0.00000000000
 0.00000000000 0.00000000000 0.00000000000 0.00000000000
 0.00000000000 0.00000000000 0.00000000000 0.00000000000
 0.00000000000 0.00000000000 0.00000000000 0.00000000000
 0.00000000000 0.00000000000 0.00000000000 0.00000000000
 0.00000000000 0.00000000000 0.00000000000 0.00000000000
 0.00000000000 0.00000000000 0.00000000000 0.00000000000
 0.00000000000 0.00000000000 0.00000000000 0.00000000000
 0.00000000000 0.00000000000 0.00000000000 0.00000000000
 0.00000000000 0.00000000000 0.00000000000 0.00000000000
 0.00000000000 0.00000000000 0.00000000000 0.00000000000
 0.00000000000 0.00000000000 0.00000000000 0.00000000000
 0.00000000000 0.00000000000 0.00000000000 0.00000000000
 0.00000000000 0.00000000000 0.00000000000 0.00000000000
 0.00000000000 0.00000000000 0.00000000000 0.00000000000
 0.00000000000 0.00000000000 0.00000000000 0.00000000000
 0.00000000000 0.00000000000 0.00000000000 0.00000000000
 0.00000000000 0.00000000000 0.00000000000 0.00000000000
 0.00000000000 0.00000000000 0.00000000000 0.00000000000
 0.00000000000 0.00000000000 0.00000000000 0.00000000000
 0.00000000000 0.00000000000 0.00000000000 0.00000000000
 0.00000000000 0.00000000000 0.00000000000 0.00000000000
 0.00000000000 0.00000000000 0.00000000000 0.00000000000
 0.00000000000 0.00000000000 0.00000000000 0.00000000000
 0.00000000000 0.00000000000 0.00000000000 0.00000000000
# logsel_slope_fsh[1]:
 0.00000000000 0.00000000000 0.00000000000 0.00000000000 0.00000000000 0.00000000000 0.00000000000 0.00000000000 0.00000000000 0.00000000000 0.00000000000 0.00000000000 0.00000000000 0.00000000000 0.00000000000 0.00000000000 0.00000000000 0.00000000000 0.00000000000 0.00000000000 0.00000000000 0.00000000000 0.00000000000 0.00000000000 0.00000000000 0.00000000000 0.00000000000 0.00000000000 0.00000000000 0.00000000000 0.00000000000 0.00000000000 0.00000000000 0.00000000000 0.00000000000 0.00000000000 0.00000000000
# logsel_slope_fsh[2]:
 0.00000000000 0.00000000000 0.00000000000 0.00000000000 0.00000000000 0.00000000000 0.00000000000 0.00000000000 0.00000000000 0.00000000000 0.00000000000 0.00000000000 0.00000000000 0.00000000000 0.00000000000 0.00000000000 0.00000000000 0.00000000000 0.00000000000 0.00000000000 0.00000000000 0.00000000000 0.00000000000 0.00000000000 0.00000000000 0.00000000000 0.00000000000 0.00000000000 0.00000000000 0.00000000000 0.00000000000 0.00000000000 0.00000000000 0.00000000000 0.00000000000 0.00000000000 0.00000000000 0.00000000000
# logsel_slope_fsh[3]:
 0.00000000000 0.00000000000
# logsel_slope_fsh[4]:
 0.00000000000 0.00000000000 0.00000000000 0.00000000000 0.00000000000 0.00000000000 0.00000000000 0.00000000000 0.00000000000 0.00000000000 0.00000000000 0.00000000000 0.00000000000 0.00000000000 0.00000000000 0.00000000000 0.00000000000 0.00000000000 0.00000000000 0.00000000000 0.00000000000 0.00000000000 0.00000000000 0.00000000000 0.00000000000 0.00000000000 0.00000000000 0.00000000000 0.00000000000 0.00000000000 0.00000000000 0.00000000000
# sel50_fsh[1]:
 0.00000000000 0.00000000000 0.00000000000 0.00000000000 0.00000000000 0.00000000000 0.00000000000 0.00000000000 0.00000000000 0.00000000000 0.00000000000 0.00000000000 0.00000000000 0.00000000000 0.00000000000 0.00000000000 0.00000000000 0.00000000000 0.00000000000 0.00000000000 0.00000000000 0.00000000000 0.00000000000 0.00000000000 0.00000000000 0.00000000000 0.00000000000 0.00000000000 0.00000000000 0.00000000000 0.00000000000 0.00000000000 0.00000000000 0.00000000000 0.00000000000 0.00000000000 0.00000000000
# sel50_fsh[2]:
 0.00000000000 0.00000000000 0.00000000000 0.00000000000 0.00000000000 0.00000000000 0.00000000000 0.00000000000 0.00000000000 0.00000000000 0.00000000000 0.00000000000 0.00000000000 0.00000000000 0.00000000000 0.00000000000 0.00000000000 0.00000000000 0.00000000000 0.00000000000 0.00000000000 0.00000000000 0.00000000000 0.00000000000 0.00000000000 0.00000000000 0.00000000000 0.00000000000 0.00000000000 0.00000000000 0.00000000000 0.00000000000 0.00000000000 0.00000000000 0.00000000000 0.00000000000 0.00000000000 0.00000000000
# sel50_fsh[3]:
 0.00000000000 0.00000000000
# sel50_fsh[4]:
 0.00000000000 0.00000000000 0.00000000000 0.00000000000 0.00000000000 0.00000000000 0.00000000000 0.00000000000 0.00000000000 0.00000000000 0.00000000000 0.00000000000 0.00000000000 0.00000000000 0.00000000000 0.00000000000 0.00000000000 0.00000000000 0.00000000000 0.00000000000 0.00000000000 0.00000000000 0.00000000000 0.00000000000 0.00000000000 0.00000000000 0.00000000000 0.00000000000 0.00000000000 0.00000000000 0.00000000000 0.00000000000
# logsel_p1_fsh[1]:
 0.00000000000 0.00000000000 0.00000000000 0.00000000000 0.00000000000 0.00000000000 0.00000000000 0.00000000000 0.00000000000 0.00000000000 0.00000000000 0.00000000000 0.00000000000 0.00000000000 0.00000000000 0.00000000000 0.00000000000 0.00000000000 0.00000000000 0.00000000000 0.00000000000 0.00000000000 0.00000000000 0.00000000000 0.00000000000 0.00000000000 0.00000000000 0.00000000000 0.00000000000 0.00000000000 0.00000000000 0.00000000000 0.00000000000 0.00000000000 0.00000000000 0.00000000000 0.00000000000
# logsel_p1_fsh[2]:
 0.00000000000 0.00000000000 0.00000000000 0.00000000000 0.00000000000 0.00000000000 0.00000000000 0.00000000000 0.00000000000 0.00000000000 0.00000000000 0.00000000000 0.00000000000 0.00000000000 0.00000000000 0.00000000000 0.00000000000 0.00000000000 0.00000000000 0.00000000000 0.00000000000 0.00000000000 0.00000000000 0.00000000000 0.00000000000 0.00000000000 0.00000000000 0.00000000000 0.00000000000 0.00000000000 0.00000000000 0.00000000000 0.00000000000 0.00000000000 0.00000000000 0.00000000000 0.00000000000 0.00000000000
# logsel_p1_fsh[3]:
 0.00000000000 0.00000000000
# logsel_p1_fsh[4]:
 0.00000000000 0.00000000000 0.00000000000 0.00000000000 0.00000000000 0.00000000000 0.00000000000 0.00000000000 0.00000000000 0.00000000000 0.00000000000 0.00000000000 0.00000000000 0.00000000000 0.00000000000 0.00000000000 0.00000000000 0.00000000000 0.00000000000 0.00000000000 0.00000000000 0.00000000000 0.00000000000 0.00000000000 0.00000000000 0.00000000000 0.00000000000 0.00000000000 0.00000000000 0.00000000000 0.00000000000 0.00000000000
# sel_p2_fsh[1]:
 0.00000000000 0.00000000000 0.00000000000 0.00000000000 0.00000000000 0.00000000000 0.00000000000 0.00000000000 0.00000000000 0.00000000000 0.00000000000 0.00000000000 0.00000000000 0.00000000000 0.00000000000 0.00000000000 0.00000000000 0.00000000000 0.00000000000 0.00000000000 0.00000000000 0.00000000000 0.00000000000 0.00000000000 0.00000000000 0.00000000000 0.00000000000 0.00000000000 0.00000000000 0.00000000000 0.00000000000 0.00000000000 0.00000000000 0.00000000000 0.00000000000 0.00000000000 0.00000000000
# sel_p2_fsh[2]:
 0.00000000000 0.00000000000 0.00000000000 0.00000000000 0.00000000000 0.00000000000 0.00000000000 0.00000000000 0.00000000000 0.00000000000 0.00000000000 0.00000000000 0.00000000000 0.00000000000 0.00000000000 0.00000000000 0.00000000000 0.00000000000 0.00000000000 0.00000000000 0.00000000000 0.00000000000 0.00000000000 0.00000000000 0.00000000000 0.00000000000 0.00000000000 0.00000000000 0.00000000000 0.00000000000 0.00000000000 0.00000000000 0.00000000000 0.00000000000 0.00000000000 0.00000000000 0.00000000000 0.00000000000
# sel_p2_fsh[3]:
 0.00000000000 0.00000000000
# sel_p2_fsh[4]:
 0.00000000000 0.00000000000 0.00000000000 0.00000000000 0.00000000000 0.00000000000 0.00000000000 0.00000000000 0.00000000000 0.00000000000 0.00000000000 0.00000000000 0.00000000000 0.00000000000 0.00000000000 0.00000000000 0.00000000000 0.00000000000 0.00000000000 0.00000000000 0.00000000000 0.00000000000 0.00000000000 0.00000000000 0.00000000000 0.00000000000 0.00000000000 0.00000000000 0.00000000000 0.00000000000 0.00000000000 0.00000000000
# logsel_p3_fsh[1]:
 0.00000000000 0.00000000000 0.00000000000 0.00000000000 0.00000000000 0.00000000000 0.00000000000 0.00000000000 0.00000000000 0.00000000000 0.00000000000 0.00000000000 0.00000000000 0.00000000000 0.00000000000 0.00000000000 0.00000000000 0.00000000000 0.00000000000 0.00000000000 0.00000000000 0.00000000000 0.00000000000 0.00000000000 0.00000000000 0.00000000000 0.00000000000 0.00000000000 0.00000000000 0.00000000000 0.00000000000 0.00000000000 0.00000000000 0.00000000000 0.00000000000 0.00000000000 0.00000000000
# logsel_p3_fsh[2]:
 0.00000000000 0.00000000000 0.00000000000 0.00000000000 0.00000000000 0.00000000000 0.00000000000 0.00000000000 0.00000000000 0.00000000000 0.00000000000 0.00000000000 0.00000000000 0.00000000000 0.00000000000 0.00000000000 0.00000000000 0.00000000000 0.00000000000 0.00000000000 0.00000000000 0.00000000000 0.00000000000 0.00000000000 0.00000000000 0.00000000000 0.00000000000 0.00000000000 0.00000000000 0.00000000000 0.00000000000 0.00000000000 0.00000000000 0.00000000000 0.00000000000 0.00000000000 0.00000000000 0.00000000000
# logsel_p3_fsh[3]:
 0.00000000000 0.00000000000
# logsel_p3_fsh[4]:
 0.00000000000 0.00000000000 0.00000000000 0.00000000000 0.00000000000 0.00000000000 0.00000000000 0.00000000000 0.00000000000 0.00000000000 0.00000000000 0.00000000000 0.00000000000 0.00000000000 0.00000000000 0.00000000000 0.00000000000 0.00000000000 0.00000000000 0.00000000000 0.00000000000 0.00000000000 0.00000000000 0.00000000000 0.00000000000 0.00000000000 0.00000000000 0.00000000000 0.00000000000 0.00000000000 0.00000000000 0.00000000000
# rec_dev_future:
 0.00000000000 0.00000000000 0.00000000000 0.00000000000 0.00000000000 0.00000000000 0.00000000000 0.00000000000 0.00000000000 0.00000000000 0.00000000000 0.00000000000 0.00000000000 0.00000000000 0.00000000000 0.00000000000 0.00000000000 0.00000000000 0.00000000000 0.00000000000
 0.00000000000 0.00000000000 0.00000000000 0.00000000000 0.00000000000 0.00000000000 0.00000000000 0.00000000000 0.00000000000 0.00000000000 0.00000000000 0.00000000000 0.00000000000 0.00000000000 0.00000000000 0.00000000000 0.00000000000 0.00000000000 0.00000000000 0.00000000000
# log_q_ind[1]:
-0.0706837547029
# log_q_ind[2]:
-2.99139086119
# log_q_ind[3]:
-9.54260655734
# log_q_ind[4]:
-0.799343227777
# log_q_ind[5]:
-4.04766605688
# log_q_ind[6]:
-6.38070912773
# log_q_ind[7]:
-1.02535132272
# log_q_power_ind[1]:
0.00000000000
# log_q_power_ind[2]:
0.00000000000
# log_q_power_ind[3]:
0.00000000000
# log_q_power_ind[4]:
0.00000000000
# log_q_power_ind[5]:
0.00000000000
# log_q_power_ind[6]:
0.00000000000
# log_q_power_ind[7]:
0.00000000000
# log_rw_q_ind[1]:
 -1.22139291994
# log_rw_q_ind[3]:
 -0.309853787402
# log_selcoffs_ind[1]:
 -3.21721377443 -2.09852478999 -1.02847178515 -0.196871273266 0.266687535902 0.458462057545 0.455951156655 0.383495182622 0.322554075903 0.296726810407
 -3.18120832199 -2.24248155400 -1.32856597304 -0.493837657627 0.152928930560 0.499972713878 0.566435089995 0.471604737596 0.361896074140 0.309414340100
# log_selcoffs_ind[2]:
 -0.681880487507 -0.169991176491 0.147217695547 0.251351172963 0.132556301139 -0.00541596754821 -0.0515416889993 -0.00545688064075 0.0524470341511 0.0693248240650
 -0.224685373491 -0.0188346290250 0.0974825430373 0.195777691139 0.199717920943 0.106470568078 -0.0209733085759 -0.117511608021 -0.160405871439 -0.165269183077
 0.141943576281 0.0710139246981 0.107246328888 0.200183033565 0.202854539523 0.0843955623675 -0.0902141871257 -0.243284905692 -0.327752357438 -0.345623348614
# log_selcoffs_ind[3]:
 -0.202940821038 0.0202027052767 0.0202027052767 0.0202027052767 0.0202027052767 0.0202027052767 0.0202027052767 0.0202027052767 0.0202027052767 0.0202027052767
# log_selcoffs_ind[4]:
 -2.40335130849 -1.41064688778 -0.565620808236 -0.0531692781547 0.124346301538 0.205953609994 0.276454227064 0.346954565296 0.404955403915 0.442011913338
 -3.02228512711 -2.16732205197 -1.33297568062 -0.623060049399 -0.110578828237 0.238571168824 0.461790144062 0.573471498383 0.577491173268 0.547654664912
# log_selcoffs_ind[5]:
 -3.04452005677 -0.669616569639 0.101782682789 0.174353368097 0.174353368097 0.174353368097 0.174353368097 0.174353368097 0.174353368097 0.174353368097
# log_selcoffs_ind[6]:
 -3.04452005677 -0.669616569639 0.101782682789 0.174353368097 0.174353368097 0.174353368097 0.174353368097 0.174353368097 0.174353368097 0.174353368097
# log_selcoffs_ind[7]:
 -3.04452005677 -0.669616569639 0.101782682789 0.174353368097 0.174353368097 0.174353368097 0.174353368097 0.174353368097 0.174353368097 0.174353368097
# logsel_slope_ind[1]:
 0.00000000000 0.00000000000
# logsel_slope_ind[2]:
 0.00000000000 0.00000000000 0.00000000000
# logsel_slope_ind[3]:
 0.00000000000
# logsel_slope_ind[4]:
 0.00000000000 0.00000000000
# logsel_slope_ind[5]:
 0.00000000000
# logsel_slope_ind[6]:
 0.00000000000
# logsel_slope_ind[7]:
 0.00000000000
# sel50_ind[1]:
 0.00000000000 0.00000000000
# sel50_ind[2]:
 0.00000000000 0.00000000000 0.00000000000
# sel50_ind[3]:
 0.00000000000
# sel50_ind[4]:
 0.00000000000 0.00000000000
# sel50_ind[5]:
 0.00000000000
# sel50_ind[6]:
 0.00000000000
# sel50_ind[7]:
 0.00000000000
# logsel_p1_ind[1]:
 0.00000000000 0.00000000000
# logsel_p1_ind[2]:
 0.00000000000 0.00000000000 0.00000000000
# logsel_p1_ind[3]:
 0.00000000000
# logsel_p1_ind[4]:
 0.00000000000 0.00000000000
# logsel_p1_ind[5]:
 0.00000000000
# logsel_p1_ind[6]:
 0.00000000000
# logsel_p1_ind[7]:
 0.00000000000
# sel_p2_ind[1]:
 0.00000000000 0.00000000000
# sel_p2_ind[2]:
 0.00000000000 0.00000000000 0.00000000000
# sel_p2_ind[3]:
 0.00000000000
# sel_p2_ind[4]:
 0.00000000000 0.00000000000
# sel_p2_ind[5]:
 0.00000000000
# sel_p2_ind[6]:
 0.00000000000
# sel_p2_ind[7]:
 0.00000000000
# logsel_p3_ind[1]:
 0.00000000000 0.00000000000
# logsel_p3_ind[2]:
 0.00000000000 0.00000000000 0.00000000000
# logsel_p3_ind[3]:
 0.00000000000
# logsel_p3_ind[4]:
 0.00000000000 0.00000000000
# logsel_p3_ind[5]:
 0.00000000000
# logsel_p3_ind[6]:
 0.00000000000
# logsel_p3_ind[7]:
 0.00000000000
