# Number of parameters = 1288 Objective function value = 1084.87372227460  Maximum gradient component = 0.0328334948609008
# Mest[1]:
0.230000000000
# Mest[2]:
0.330000000000
# log_Linf[1]:
4.30945594184
# log_Linf[2]:
4.38701417618
# log_k[1]:
-1.83258146375
# log_k[2]:
-1.83258146375
# log_Lo[1]:
2.89037175790
# log_Lo[2]:
2.89037175790
# log_sdage[1]:
-2.40794560865
# log_sdage[2]:
-2.40794560865
# mean_log_rec[1]:
9.51383835821
# mean_log_rec[2]:
8.16175967803
# mean_log_rec[3]:
7.41539176190
# steepness[1]:
0.650000000000
# steepness[2]:
0.650000000000
# steepness[3]:
0.650000000000
# log_Rzero[1]:
9.04186529973
# log_Rzero[2]:
8.21698950176
# log_Rzero[3]:
7.33686687888
# rec_dev:
 -0.438436254334 -0.511156446160 -0.590090172150 -0.676181717845 -0.766915496081 -0.858269930909 -0.824909584284 -0.828753512542 -0.674448692368 -0.609570356273 -0.519212607115 -0.351569311845 -0.389393327226 -0.344682515426 -0.285295688319 -0.100456851409 0.196617507126 0.393242166022 0.384591636502 0.340224088743 0.392386666734 0.511762043033 0.728184173587 0.726282915180 0.675106966889 1.32644011111 1.52497976769 0.702075904101 0.121388092447 0.320627646853 0.633282443919 0.767196974677 0.531356392876 0.303608991073 0.218788702443 0.292338836691 0.327480452306 0.478398874707 0.657341401824 0.557974504432 0.696582850861 0.673496826666 0.468946988294 -0.169794569759 -0.490719684871 -0.770608438052 -1.48472218595 -0.985674270635 -0.712394247645 -0.767013428629 -0.728118330076 -0.818731211178 -0.839808549940 -0.0893433174299 0.251645148304 -0.537793277829 0.266044242061
 -0.000579859332200 -0.000774099249785 -0.00101400954720 -0.00130103462086 -0.00162840765070 -0.00197349223116 -0.00229056150504 -0.00248115604575 -0.00271731765355 -0.00272737746726 -0.00251243085122 0.0271089065645 0.0266165595023 0.0257492589115 0.0237165309083 0.0166719727831 0.00524528357509 -0.0101363208290 -0.0591405716294 0.343007107897 -0.0235638962805 -0.182669761589 -0.0874443604653 0.334803453508 -0.112697928087 -0.329431055416 -0.604042080051 -0.119306530078 0.331934278876 0.857986830143 0.198896197289 0.147046696473 -0.549333071059 -0.0479468374017 -0.407252439926 -0.570221269291 0.149653130427 0.310828323459 0.201082158182 -0.0737912004044 0.787065333908 1.40910787630 -0.206544554643 0.704564760440 -0.642636426571 -0.0980107990708 0.735488876563 0.0553739988079 -1.13729084990 -1.87521326332 -0.285231561275 0.917986747994 -0.573330984874 -0.168605535992 -1.38164627606 0.409221848397 -0.0320289011526
# log_sigmar[1]:
-0.510825623766
# log_sigmar[2]:
-0.510825623766
# log_sigmar[3]:
-0.510825623766
# fmort:
 0.0117071919632 0.0171517059524 0.00775295966814 0.00977322107256 0.0187781817409 0.0230488209516 0.0278992002079 0.0240322063354 0.0468989203462 0.0389325641788 0.0263815639537 0.0384205691659 0.0736827347831 0.0285892748515 0.0673333826789 0.0449935212272 0.00438507018608 0.0200936974223 0.0165075648007 0.0146459263267 0.0138891173563 0.0184673294159 0.0201207060574 0.0224489841901 0.0148889065609 0.0199978844636 0.0339114046872 0.0132810444494 0.00377860870455 0.00621177966158 0.00996440565191 0.0205222700673 0.00874856377020 0.0122177101428 0.0135185234284 0.0222624460766 0.0282784636663 0.0424510746552 0.0576225677467 0.0521624461041 0.0633536540225 0.0105211034560 0.00393916715870 0.00425585256788 0.00401904133143 0.00449416854519
 0.00146811348382 0.00224798897167 0.00342431296951 0.00565409881255 0.00404868552076 0.00728324041049 0.00940517156869 0.0137014241688 0.0220755338149 0.0272489103792 0.0246206601645 0.0488342662057 0.0671153173297 0.0547286021752 0.0737711673376 0.104498070589 0.116830453641 0.156802477371 0.217542622879 0.227221711143 0.228279139387 0.287025819894 0.376046331350 0.357110936778 0.476690656693 0.636643671720 0.620517702841 0.625735943062 0.370486147863 0.241948700814 0.184383834595 0.217599589973 0.215331695233 0.198662305369 0.193919599155 0.194060706273 0.205469903289 0.251179567201 0.224048417763 0.318296667876 0.198219652051 0.139593363993 0.105191753228 0.0802796672770 0.0791894555180 0.0765466724197
 0.000692518204763 0.00135129181296 0.00333519890321 0.00717001178672 0.0230909758201 0.00718746085399 0.00920954419725 0.130416420308 0.143894553708 0.120098586603 0.121408609261 0.172472660760 0.0556961427904 0.0311971040542 0.0347570904161 0.0247692649516 0.0133791062378 0.0151281033053 0.0603403381044 0.0499612304889 0.0429904704101 0.0352686360936 0.0209416489430 0.0358342866752 0.0593133232403 0.287557772731 0.506739010865 0.926049222429 0.829547342055 0.246609928580 0.175400078761 0.599465000479 0.0824492829381 0.113969321330 0.0849435394341 0.0554549439322 0.154525327909 0.129000854691 0.140597775827 0.168458742981 0.0418045712062 0.219609635859 0.0954223665403 0.0590163318666 0.0561287843709 0.0168688209905
 2.13995487996e-13 2.25652829755e-13 0.000577467223960 2.39530617563e-13 2.42861286637e-13 2.44526621174e-13 3.57956325109e-06 0.000241608746108 0.00503059579303 0.0310597750584 0.0274889575202 0.0346323011270 0.0773431145079 0.0911730654821 0.120842790682 0.0972242117125 0.0918341865987 0.0951247323986 0.0976867445498 0.0806718854853 0.0661625130168 0.0417652783962 0.00356912960307 2.22877272194e-13 2.59237076250e-13 3.65263375102e-13 4.69069227904e-13 6.98607838245e-13 8.05466804366e-13 3.59797126065e-06 0.000660635683168 0.00465772307071 0.0141959159695 0.0274061201410 0.0479130220967 0.0405142149446 0.0611810080192 0.0943320140670 0.123587052660 0.174849383227 0.182141675933 0.0509541179664 0.0339310760537 0.0323733072682 0.0320344704630 0.0350745692933
# log_selcoffs_fsh[1]:
 -4.82640145549 -3.67509389983 -2.43571671491 -1.21798958938 -0.279517176854 0.511138404900 1.08488686125 0.890362881613 -0.268110795641
 -4.51665015505 -3.27562121621 -1.96023296377 -0.812928471398 -0.166206073074 0.458909581621 0.948857527837 0.800519146010 0.120645672436
 -4.18189797319 -2.93065765756 -1.70682423795 -0.682904594558 -0.000663470887548 0.535902549411 0.824703287792 0.665019609794 0.270577250093
 -3.78132022967 -2.44068306917 -1.31713797720 -0.518281470027 -0.0404692925580 0.396563197916 0.763437922044 0.682153105913 0.375586156626
 -3.55920111849 -2.12543174242 -0.761174132595 -0.00810785199738 0.212508374700 0.342313245489 0.489751578344 0.491951109289 0.392529749482
 -3.39140149567 -2.03484409069 -0.779238364181 0.0929974498107 0.484945076012 0.468843242306 0.360531353109 0.292780494133 0.249164853757
 -3.22971819306 -1.94553039906 -0.871027468146 -0.0602786908201 0.558088142474 0.678980824347 0.390234709357 0.163603917983 0.0799432441364
 -3.06464876676 -1.75453616561 -0.770708714982 -0.00310922988142 0.598308624601 0.711606164836 0.355997978790 0.0766340056651 -0.0437327978979
 -2.93557429023 -1.61927523132 -0.442872079016 0.206005272552 0.525771427141 0.588114904810 0.378693665049 0.0479902274467 -0.132368355865
 -2.77580519965 -1.35363930900 -0.174485313198 0.227970512310 0.529978234269 0.582930990577 0.294748738020 -0.0509879199672 -0.222882060266
 -2.61469928439 -0.984131183786 0.460886793142 0.451799643342 0.330926284101 0.285693913417 0.0762331901135 -0.164831961000 -0.292711572471
 -2.44406125350 -0.725862837014 0.444312239057 0.483605625410 0.442263955730 0.235241799071 -0.0471316353523 -0.255971362940 -0.358978610799
 -2.32971305820 -0.660908796510 0.476092422055 0.699646200101 0.404947732763 0.0871240953603 -0.190865660350 -0.359896082010 -0.431962990348
 -2.23995432615 -0.696624135765 0.484355576475 0.835829413891 0.398386097567 -0.0155517275684 -0.294261764172 -0.444505914009 -0.502185123246
 -2.36629955824 -0.831992579745 0.627999302133 0.871782048804 0.347811438222 -0.0710144002969 -0.353766905649 -0.515095993701 -0.581480421875
 -2.31722654421 -0.817366992870 0.671023101619 0.797662459975 0.398957082058 -0.0245080586996 -0.353240929809 -0.543227468146 -0.627470943212
 -2.11068184607 -0.590460305162 0.782631814023 0.720826242977 0.310302119777 -0.0624269223644 -0.367764338755 -0.563695328642 -0.660256565457
 -1.76266920734 -0.288841222884 0.572504140660 0.773604204933 0.380505163329 -0.0664313170447 -0.388500686855 -0.584444289602 -0.683635805952
 -1.63922342666 -0.265919027116 0.846371438944 0.729364993071 0.186423376030 -0.198513412133 -0.476657652125 -0.658370379354 -0.752893523221
 -1.39300119692 -0.149866616729 0.827053940129 0.715926686467 0.220207257970 -0.228508047573 -0.536980235293 -0.721301028143 -0.808537491389
 -1.32288599224 -0.0188655501731 0.888372243460 0.715085754889 0.145286031080 -0.314240216869 -0.630788214625 -0.809653103079 -0.884565315257
 -1.27850793024 -0.0995471350301 0.714100509269 0.940456498493 0.255423238599 -0.401514868212 -0.753299522812 -0.913251511870 -0.966374690841
 -1.21912225110 0.156231296984 0.926044989502 0.771027333106 0.0832567153456 -0.497018488823 -0.844510204410 -0.996323074869 -1.03631945639
 -1.38456255576 -0.0595985557933 0.901371648750 0.986961498453 0.0320082646201 -0.583817190700 -0.920370250054 -1.07146271196 -1.10803998436
 -1.55790463035 -0.142465908892 0.924080923061 0.970524567625 0.107690168319 -0.528656917694 -0.905776832574 -1.08821493173 -1.14199351923
 -1.53714620746 0.0579493223891 0.731927071508 0.896011254663 0.287475928947 -0.307959150298 -0.798898868036 -1.04465630192 -1.11837953346
 -1.52582183757 -0.256072195298 0.558363326399 0.999838606887 0.386409209882 -0.164636912857 -0.680728325993 -0.973896232564 -1.08153757862
 -1.32573253692 0.144418974517 0.432735373163 0.815217946696 0.418175089623 -0.0956843285145 -0.566879169686 -0.873466284650 -1.00743355728
 -1.14111813385 0.415774670026 0.638485225282 0.562916996428 0.214568396724 -0.156730252819 -0.528813254420 -0.806394106008 -0.953041373295
 -1.23931677169 0.0716145464517 0.568708796557 0.880684786870 0.224323430952 -0.239344365344 -0.557050557742 -0.792320572273 -0.933102246645
 -1.11125404853 0.465760033826 0.655172210816 0.521631017883 0.164909780386 -0.201181590949 -0.521692869979 -0.758027623548 -0.895932804543
 -0.896778301388 0.477453727781 0.199703744187 0.631823520411 0.382653420557 -0.0963278698019 -0.492715899611 -0.742387191909 -0.875153340338
# log_selcoffs_fsh[2]:
 -6.47831003450 -5.02861959988 -3.57328322831 -1.96024366334 -0.576564096894 0.328289648559 0.987558629810 1.13378421998 0.516708657023 -0.906228328810
 -6.39237182747 -4.95034983510 -3.45741866585 -2.04181125186 -0.871445828643 0.191442806700 0.979142511000 1.16772644881 0.530027079615 -0.470368146144
 -6.26973122856 -4.88731444472 -3.48868157465 -2.13080557138 -1.01355562197 0.0467476547000 0.924177980881 1.15223367644 0.617373824627 -0.114967495953
 -6.10387850871 -4.75275918964 -3.46389468756 -2.22330530989 -1.14298489194 -0.177590812262 0.767420594363 1.14423829893 0.768147368104 0.217856883175
 -5.93688083304 -4.51816130057 -3.24219944815 -2.20504619869 -1.31306964595 -0.392333889629 0.591374051624 1.08183248467 0.890926378371 0.529874788547
 -5.77916383230 -4.43808008573 -3.14249407199 -1.95896825469 -1.13757921104 -0.520419845852 0.275122374100 0.894841409192 1.00956647720 0.866257995387
 -5.63748542946 -4.36902686284 -3.16058329791 -2.07589175245 -1.14780682618 -0.403418993852 0.168542647296 0.670642668503 0.982412510673 1.10545574903
 -5.52528074314 -4.30004375599 -3.15168832235 -2.14595882891 -1.27573374199 -0.568119906644 0.104242297115 0.586901417857 0.956323112784 1.24314775660
 -5.45161271084 -4.21800098969 -3.05989259184 -2.10532104071 -1.35208349027 -0.675869213851 0.0161522734311 0.606658137345 0.957659720857 1.27779070840
 -5.36693401183 -4.09795017213 -2.91296765462 -1.91591298905 -1.14818987893 -0.581630604604 -0.113021132073 0.471705507076 0.947601395705 1.34172433227
 -5.31473093759 -3.94136622815 -2.63019419994 -1.54854214017 -0.840886866383 -0.327809925394 0.0582974528210 0.368395230903 0.792852429559 1.34131685498
 -5.33393429618 -3.82817712385 -2.41131570702 -1.22444826031 -0.616801176662 -0.194126753022 0.118968256352 0.435918061770 0.851291606752 1.16664479854
 -5.36401229048 -3.68444178402 -2.07230700636 -0.797043531039 -0.256841765125 0.0950115358778 0.268868428357 0.445376085936 0.723595070243 0.951309464937
 -5.39016001073 -3.50311833520 -1.70475291315 -0.520739468317 0.106542967348 0.293989914904 0.341986531455 0.421917270825 0.574178886192 0.706529739326
 -5.37395565447 -3.29357305820 -1.32739760515 -0.0643526967810 0.365416963686 0.347572724617 0.233336611431 0.272046468579 0.441552087205 0.569898231567
 -5.32006071067 -3.09459653136 -1.02270905649 0.0963143255540 0.345643540005 0.305195465906 0.203049569098 0.230408725862 0.397050280587 0.558256097082
 -5.28628793430 -3.03488690997 -0.917658483830 0.0614474846196 0.323321672059 0.308398948882 0.198976092842 0.210713772719 0.388166557679 0.594481568258
 -5.26573036114 -3.21257958519 -1.28478042757 -0.00294916907106 0.396884871185 0.374416615716 0.212937699234 0.197747732952 0.382370326455 0.597610404767
 -5.24038414582 -3.35336066832 -1.57956651578 -0.260561141974 0.446023033452 0.445186232367 0.232725753599 0.201871654272 0.396799461518 0.635200153133
 -5.18327765312 -3.40370803616 -1.70757435590 -0.422701576701 0.236265247819 0.373129097258 0.235894493214 0.237964567671 0.494746293483 0.802446442728
 -5.16674131716 -3.49142587886 -1.91620014594 -0.630534426021 0.131758428701 0.382651579617 0.283973308113 0.242920561708 0.512783946259 0.877162642967
 -5.19237704703 -3.59368022780 -2.09267134259 -0.898379162545 -0.0482545626066 0.419932309241 0.393632644437 0.313123725895 0.535734604826 0.876659026138
 -5.23956937999 -3.68906780162 -2.27993501962 -1.11954992615 -0.262351152382 0.417493454786 0.456294486682 0.397774043003 0.585530113610 0.871681135471
 -5.33586254346 -3.78226264362 -2.34892944802 -1.17519548255 -0.423954835404 0.195765045387 0.520615870676 0.511814659675 0.674797939153 0.868138903853
 -5.43548263856 -3.86095713499 -2.33333308821 -0.997009110473 -0.307399961710 -0.00646119274109 0.336660618322 0.564137564563 0.729704062240 0.934940587006
 -5.56079071781 -3.95565406987 -2.46224249678 -1.15375460239 -0.322856863889 0.213309035959 0.347739878866 0.490719733207 0.707374797120 0.930767825989
 -5.77420529086 -4.15558196658 -2.53947620547 -1.12466967477 -0.273507261223 0.356230462036 0.508331751734 0.497747019204 0.629963022897 0.790200399571
 -5.95202557938 -4.31875220089 -2.61980184218 -0.937230376719 -0.103813059216 0.427616462734 0.506205632088 0.433949422300 0.618389775978 0.706211830915
 -6.11404533738 -4.47179783987 -2.83347846783 -1.28252693581 -0.313870143928 0.628975613711 0.673594965494 0.446165880119 0.577449776158 0.553218553458
 -6.26962747532 -4.57902128141 -2.89921659406 -1.28005149494 0.0307125531736 0.728274745134 0.755744606934 0.450646137525 0.358484055654 0.352331365169
 -6.30890886952 -4.55120365086 -2.72261102445 -0.961366022575 0.134344313383 0.626252288273 0.580856839384 0.384038099127 0.410297689006 0.566529875203
 -6.25941282625 -4.44640727846 -2.56810852528 -0.802986387724 0.187392425600 0.336637503731 0.325654531729 0.264823757335 0.518519480727 0.911353803919
 -6.20609006189 -4.30345534067 -2.34815858120 -0.659739192962 -0.0517715924170 0.0605050213691 0.141234637670 0.253459749562 0.581594585973 1.14133722088
# log_selcoffs_fsh[3]:
 -2.58280367918 0.128773838176 1.46880754012 0.206220581600 -1.77706823795 -3.44192278745 -4.35888298804
 -2.67602851639 0.570484840277 1.33993689126 0.143555440398 -1.92568544676 -3.49324728531 -4.36707156691
# log_selcoffs_fsh[4]:
 -5.96549008982 -4.81659355435 -3.64620801849 -2.41884106153 -1.14228411346 0.0580846038935 0.928186284524 1.12813648516 0.628886758674
 -5.95385756313 -4.79706703560 -3.61177236549 -2.33312535884 -1.00847202584 0.153430924425 0.936417532498 1.06553474000 0.631980942878
 -5.92103544668 -4.76010543189 -3.57781423738 -2.33008402088 -1.02885852694 0.135966513795 0.921582500576 1.07020340996 0.658158758792
 -5.85818719600 -4.68469799909 -3.51050878736 -2.30925433909 -1.06450587601 0.0719784177480 0.879856685498 1.08338691521 0.729448563157
 -5.79123403107 -4.58893156509 -3.40023478741 -2.23083478934 -1.03116045228 0.0802462206316 0.844468552791 1.05640322463 0.789857383945
 -5.72315973932 -4.53345782254 -3.33112062201 -2.13536740225 -1.01711775423 0.0129919477581 0.799139371239 1.07015620613 0.840644007859
 -5.63465976362 -4.46291852249 -3.26860032846 -2.04693330973 -0.937135729846 0.0312825703432 0.770547893573 1.03245126068 0.885952690452
 -5.51604379023 -4.34082839662 -3.19333330599 -2.01537030862 -0.898526440982 0.0134887974750 0.724917890820 1.02765040158 0.927762097768
 -5.39426066535 -4.16987134840 -3.05847416556 -2.02533480974 -0.986909131437 -0.0193450604310 0.714808807820 1.01843923732 0.968830292391
 -5.27985124811 -4.04520407107 -2.87610218157 -1.82960599286 -0.920999045901 -0.0657420353323 0.630953479354 0.997136313940 1.04245329068
 -5.19488159586 -3.93833868991 -2.75270725960 -1.69497841311 -0.773842922201 -0.00816541020411 0.585106438221 0.935511643715 1.07527946199
 -5.14099604863 -3.83131920084 -2.61638168243 -1.57274557535 -0.676042502044 0.0661677456427 0.576822291721 0.890349556728 1.06420753741
 -5.10297439261 -3.69546310018 -2.40297822226 -1.38114853958 -0.608953109571 0.0610420877144 0.574035507715 0.869203390076 1.05084132724
 -5.06664724837 -3.52210738657 -2.04453899062 -1.00938661552 -0.418856320965 0.0379133307663 0.447435907031 0.820525983342 1.07767692698
 -5.03725304304 -3.40119087196 -1.81671846951 -0.680527834010 -0.170596015086 0.0636401214380 0.337010943831 0.727972613064 1.06841545212
 -5.00190706695 -3.31464620821 -1.63149017685 -0.442261045861 -0.0865194563802 0.0416395192212 0.274449116744 0.670170761458 1.06080495811
 -4.99723160590 -3.33670868361 -1.69014824577 -0.470687599206 -0.0816320980369 0.100269604310 0.316216624446 0.656387793447 1.03737549363
 -5.01144349757 -3.48716992879 -2.09300562657 -1.03208783134 -0.300173507032 0.282859257105 0.554043383536 0.706629383472 0.973858434003
 -4.98682869804 -3.58111612444 -2.31599045813 -1.33366654962 -0.559800345399 0.113193409581 0.554901508480 0.833624974015 1.05381096726
 -4.97675565575 -3.64294388510 -2.45056479501 -1.51933685883 -0.806100536468 -0.118495397328 0.502688726000 0.913077784474 1.15745775075
 -4.99559507419 -3.66833710642 -2.48165036898 -1.63419982833 -0.984447845609 -0.348199802826 0.361797249129 0.987086962690 1.24992533633
 -5.00107634287 -3.63456378855 -2.28978248384 -1.57206268936 -1.07453400547 -0.433767476776 0.232415059455 0.866355660903 1.39341348906
 -5.04220928935 -3.76354383691 -2.60995245252 -1.75792359527 -1.14083880166 -0.437814602128 0.210434561636 0.839123195725 1.43766474267
 -5.06303751148 -3.79968182103 -2.67415825336 -1.82312005697 -1.20800313576 -0.607589404707 0.0611330918329 0.813106022024 1.52157088537
 -5.15133160459 -3.84862801077 -2.59394307095 -1.57172411155 -0.952260819574 -0.411550715887 0.122876122819 0.800472920804 1.45504126177
 -5.12101023619 -3.73898611103 -2.31906866082 -1.39937238586 -0.920705727705 -0.488621246433 0.0236166073715 0.717434568639 1.51300583260
 -5.12133601355 -3.71969564124 -2.41788766016 -1.49344098523 -0.934711157722 -0.481170610825 0.0718453022315 0.796698328499 1.47078020075
# log_sel_spl_fsh[1]:
 0.00000000000 0.00000000000 0.00000000000 0.00000000000
 0.00000000000 0.00000000000 0.00000000000 0.00000000000
 0.00000000000 0.00000000000 0.00000000000 0.00000000000
 0.00000000000 0.00000000000 0.00000000000 0.00000000000
 0.00000000000 0.00000000000 0.00000000000 0.00000000000
 0.00000000000 0.00000000000 0.00000000000 0.00000000000
 0.00000000000 0.00000000000 0.00000000000 0.00000000000
 0.00000000000 0.00000000000 0.00000000000 0.00000000000
 0.00000000000 0.00000000000 0.00000000000 0.00000000000
 0.00000000000 0.00000000000 0.00000000000 0.00000000000
 0.00000000000 0.00000000000 0.00000000000 0.00000000000
 0.00000000000 0.00000000000 0.00000000000 0.00000000000
 0.00000000000 0.00000000000 0.00000000000 0.00000000000
 0.00000000000 0.00000000000 0.00000000000 0.00000000000
 0.00000000000 0.00000000000 0.00000000000 0.00000000000
 0.00000000000 0.00000000000 0.00000000000 0.00000000000
 0.00000000000 0.00000000000 0.00000000000 0.00000000000
 0.00000000000 0.00000000000 0.00000000000 0.00000000000
 0.00000000000 0.00000000000 0.00000000000 0.00000000000
 0.00000000000 0.00000000000 0.00000000000 0.00000000000
 0.00000000000 0.00000000000 0.00000000000 0.00000000000
 0.00000000000 0.00000000000 0.00000000000 0.00000000000
 0.00000000000 0.00000000000 0.00000000000 0.00000000000
 0.00000000000 0.00000000000 0.00000000000 0.00000000000
 0.00000000000 0.00000000000 0.00000000000 0.00000000000
 0.00000000000 0.00000000000 0.00000000000 0.00000000000
 0.00000000000 0.00000000000 0.00000000000 0.00000000000
 0.00000000000 0.00000000000 0.00000000000 0.00000000000
 0.00000000000 0.00000000000 0.00000000000 0.00000000000
 0.00000000000 0.00000000000 0.00000000000 0.00000000000
 0.00000000000 0.00000000000 0.00000000000 0.00000000000
 0.00000000000 0.00000000000 0.00000000000 0.00000000000
# log_sel_spl_fsh[2]:
 0.00000000000 0.00000000000 0.00000000000 0.00000000000
 0.00000000000 0.00000000000 0.00000000000 0.00000000000
 0.00000000000 0.00000000000 0.00000000000 0.00000000000
 0.00000000000 0.00000000000 0.00000000000 0.00000000000
 0.00000000000 0.00000000000 0.00000000000 0.00000000000
 0.00000000000 0.00000000000 0.00000000000 0.00000000000
 0.00000000000 0.00000000000 0.00000000000 0.00000000000
 0.00000000000 0.00000000000 0.00000000000 0.00000000000
 0.00000000000 0.00000000000 0.00000000000 0.00000000000
 0.00000000000 0.00000000000 0.00000000000 0.00000000000
 0.00000000000 0.00000000000 0.00000000000 0.00000000000
 0.00000000000 0.00000000000 0.00000000000 0.00000000000
 0.00000000000 0.00000000000 0.00000000000 0.00000000000
 0.00000000000 0.00000000000 0.00000000000 0.00000000000
 0.00000000000 0.00000000000 0.00000000000 0.00000000000
 0.00000000000 0.00000000000 0.00000000000 0.00000000000
 0.00000000000 0.00000000000 0.00000000000 0.00000000000
 0.00000000000 0.00000000000 0.00000000000 0.00000000000
 0.00000000000 0.00000000000 0.00000000000 0.00000000000
 0.00000000000 0.00000000000 0.00000000000 0.00000000000
 0.00000000000 0.00000000000 0.00000000000 0.00000000000
 0.00000000000 0.00000000000 0.00000000000 0.00000000000
 0.00000000000 0.00000000000 0.00000000000 0.00000000000
 0.00000000000 0.00000000000 0.00000000000 0.00000000000
 0.00000000000 0.00000000000 0.00000000000 0.00000000000
 0.00000000000 0.00000000000 0.00000000000 0.00000000000
 0.00000000000 0.00000000000 0.00000000000 0.00000000000
 0.00000000000 0.00000000000 0.00000000000 0.00000000000
 0.00000000000 0.00000000000 0.00000000000 0.00000000000
 0.00000000000 0.00000000000 0.00000000000 0.00000000000
 0.00000000000 0.00000000000 0.00000000000 0.00000000000
 0.00000000000 0.00000000000 0.00000000000 0.00000000000
 0.00000000000 0.00000000000 0.00000000000 0.00000000000
# log_sel_spl_fsh[3]:
 0.00000000000 0.00000000000 0.00000000000 0.00000000000
 0.00000000000 0.00000000000 0.00000000000 0.00000000000
# log_sel_spl_fsh[4]:
 0.00000000000 0.00000000000 0.00000000000 0.00000000000
 0.00000000000 0.00000000000 0.00000000000 0.00000000000
 0.00000000000 0.00000000000 0.00000000000 0.00000000000
 0.00000000000 0.00000000000 0.00000000000 0.00000000000
 0.00000000000 0.00000000000 0.00000000000 0.00000000000
 0.00000000000 0.00000000000 0.00000000000 0.00000000000
 0.00000000000 0.00000000000 0.00000000000 0.00000000000
 0.00000000000 0.00000000000 0.00000000000 0.00000000000
 0.00000000000 0.00000000000 0.00000000000 0.00000000000
 0.00000000000 0.00000000000 0.00000000000 0.00000000000
 0.00000000000 0.00000000000 0.00000000000 0.00000000000
 0.00000000000 0.00000000000 0.00000000000 0.00000000000
 0.00000000000 0.00000000000 0.00000000000 0.00000000000
 0.00000000000 0.00000000000 0.00000000000 0.00000000000
 0.00000000000 0.00000000000 0.00000000000 0.00000000000
 0.00000000000 0.00000000000 0.00000000000 0.00000000000
 0.00000000000 0.00000000000 0.00000000000 0.00000000000
 0.00000000000 0.00000000000 0.00000000000 0.00000000000
 0.00000000000 0.00000000000 0.00000000000 0.00000000000
 0.00000000000 0.00000000000 0.00000000000 0.00000000000
 0.00000000000 0.00000000000 0.00000000000 0.00000000000
 0.00000000000 0.00000000000 0.00000000000 0.00000000000
 0.00000000000 0.00000000000 0.00000000000 0.00000000000
 0.00000000000 0.00000000000 0.00000000000 0.00000000000
 0.00000000000 0.00000000000 0.00000000000 0.00000000000
 0.00000000000 0.00000000000 0.00000000000 0.00000000000
 0.00000000000 0.00000000000 0.00000000000 0.00000000000
# logsel_slope_fsh[1]:
 0.00000000000 0.00000000000 0.00000000000 0.00000000000 0.00000000000 0.00000000000 0.00000000000 0.00000000000 0.00000000000 0.00000000000 0.00000000000 0.00000000000 0.00000000000 0.00000000000 0.00000000000 0.00000000000 0.00000000000 0.00000000000 0.00000000000 0.00000000000 0.00000000000 0.00000000000 0.00000000000 0.00000000000 0.00000000000 0.00000000000 0.00000000000 0.00000000000 0.00000000000 0.00000000000 0.00000000000 0.00000000000
# logsel_slope_fsh[2]:
 0.00000000000 0.00000000000 0.00000000000 0.00000000000 0.00000000000 0.00000000000 0.00000000000 0.00000000000 0.00000000000 0.00000000000 0.00000000000 0.00000000000 0.00000000000 0.00000000000 0.00000000000 0.00000000000 0.00000000000 0.00000000000 0.00000000000 0.00000000000 0.00000000000 0.00000000000 0.00000000000 0.00000000000 0.00000000000 0.00000000000 0.00000000000 0.00000000000 0.00000000000 0.00000000000 0.00000000000 0.00000000000 0.00000000000
# logsel_slope_fsh[3]:
 0.00000000000 0.00000000000
# logsel_slope_fsh[4]:
 0.00000000000 0.00000000000 0.00000000000 0.00000000000 0.00000000000 0.00000000000 0.00000000000 0.00000000000 0.00000000000 0.00000000000 0.00000000000 0.00000000000 0.00000000000 0.00000000000 0.00000000000 0.00000000000 0.00000000000 0.00000000000 0.00000000000 0.00000000000 0.00000000000 0.00000000000 0.00000000000 0.00000000000 0.00000000000 0.00000000000 0.00000000000
# sel50_fsh[1]:
 0.00000000000 0.00000000000 0.00000000000 0.00000000000 0.00000000000 0.00000000000 0.00000000000 0.00000000000 0.00000000000 0.00000000000 0.00000000000 0.00000000000 0.00000000000 0.00000000000 0.00000000000 0.00000000000 0.00000000000 0.00000000000 0.00000000000 0.00000000000 0.00000000000 0.00000000000 0.00000000000 0.00000000000 0.00000000000 0.00000000000 0.00000000000 0.00000000000 0.00000000000 0.00000000000 0.00000000000 0.00000000000
# sel50_fsh[2]:
 0.00000000000 0.00000000000 0.00000000000 0.00000000000 0.00000000000 0.00000000000 0.00000000000 0.00000000000 0.00000000000 0.00000000000 0.00000000000 0.00000000000 0.00000000000 0.00000000000 0.00000000000 0.00000000000 0.00000000000 0.00000000000 0.00000000000 0.00000000000 0.00000000000 0.00000000000 0.00000000000 0.00000000000 0.00000000000 0.00000000000 0.00000000000 0.00000000000 0.00000000000 0.00000000000 0.00000000000 0.00000000000 0.00000000000
# sel50_fsh[3]:
 0.00000000000 0.00000000000
# sel50_fsh[4]:
 0.00000000000 0.00000000000 0.00000000000 0.00000000000 0.00000000000 0.00000000000 0.00000000000 0.00000000000 0.00000000000 0.00000000000 0.00000000000 0.00000000000 0.00000000000 0.00000000000 0.00000000000 0.00000000000 0.00000000000 0.00000000000 0.00000000000 0.00000000000 0.00000000000 0.00000000000 0.00000000000 0.00000000000 0.00000000000 0.00000000000 0.00000000000
# logsel_p1_fsh[1]:
 0.00000000000 0.00000000000 0.00000000000 0.00000000000 0.00000000000 0.00000000000 0.00000000000 0.00000000000 0.00000000000 0.00000000000 0.00000000000 0.00000000000 0.00000000000 0.00000000000 0.00000000000 0.00000000000 0.00000000000 0.00000000000 0.00000000000 0.00000000000 0.00000000000 0.00000000000 0.00000000000 0.00000000000 0.00000000000 0.00000000000 0.00000000000 0.00000000000 0.00000000000 0.00000000000 0.00000000000 0.00000000000
# logsel_p1_fsh[2]:
 0.00000000000 0.00000000000 0.00000000000 0.00000000000 0.00000000000 0.00000000000 0.00000000000 0.00000000000 0.00000000000 0.00000000000 0.00000000000 0.00000000000 0.00000000000 0.00000000000 0.00000000000 0.00000000000 0.00000000000 0.00000000000 0.00000000000 0.00000000000 0.00000000000 0.00000000000 0.00000000000 0.00000000000 0.00000000000 0.00000000000 0.00000000000 0.00000000000 0.00000000000 0.00000000000 0.00000000000 0.00000000000 0.00000000000
# logsel_p1_fsh[3]:
 0.00000000000 0.00000000000
# logsel_p1_fsh[4]:
 0.00000000000 0.00000000000 0.00000000000 0.00000000000 0.00000000000 0.00000000000 0.00000000000 0.00000000000 0.00000000000 0.00000000000 0.00000000000 0.00000000000 0.00000000000 0.00000000000 0.00000000000 0.00000000000 0.00000000000 0.00000000000 0.00000000000 0.00000000000 0.00000000000 0.00000000000 0.00000000000 0.00000000000 0.00000000000 0.00000000000 0.00000000000
# sel_p2_fsh[1]:
 0.00000000000 0.00000000000 0.00000000000 0.00000000000 0.00000000000 0.00000000000 0.00000000000 0.00000000000 0.00000000000 0.00000000000 0.00000000000 0.00000000000 0.00000000000 0.00000000000 0.00000000000 0.00000000000 0.00000000000 0.00000000000 0.00000000000 0.00000000000 0.00000000000 0.00000000000 0.00000000000 0.00000000000 0.00000000000 0.00000000000 0.00000000000 0.00000000000 0.00000000000 0.00000000000 0.00000000000 0.00000000000
# sel_p2_fsh[2]:
 0.00000000000 0.00000000000 0.00000000000 0.00000000000 0.00000000000 0.00000000000 0.00000000000 0.00000000000 0.00000000000 0.00000000000 0.00000000000 0.00000000000 0.00000000000 0.00000000000 0.00000000000 0.00000000000 0.00000000000 0.00000000000 0.00000000000 0.00000000000 0.00000000000 0.00000000000 0.00000000000 0.00000000000 0.00000000000 0.00000000000 0.00000000000 0.00000000000 0.00000000000 0.00000000000 0.00000000000 0.00000000000 0.00000000000
# sel_p2_fsh[3]:
 0.00000000000 0.00000000000
# sel_p2_fsh[4]:
 0.00000000000 0.00000000000 0.00000000000 0.00000000000 0.00000000000 0.00000000000 0.00000000000 0.00000000000 0.00000000000 0.00000000000 0.00000000000 0.00000000000 0.00000000000 0.00000000000 0.00000000000 0.00000000000 0.00000000000 0.00000000000 0.00000000000 0.00000000000 0.00000000000 0.00000000000 0.00000000000 0.00000000000 0.00000000000 0.00000000000 0.00000000000
# logsel_p3_fsh[1]:
 0.00000000000 0.00000000000 0.00000000000 0.00000000000 0.00000000000 0.00000000000 0.00000000000 0.00000000000 0.00000000000 0.00000000000 0.00000000000 0.00000000000 0.00000000000 0.00000000000 0.00000000000 0.00000000000 0.00000000000 0.00000000000 0.00000000000 0.00000000000 0.00000000000 0.00000000000 0.00000000000 0.00000000000 0.00000000000 0.00000000000 0.00000000000 0.00000000000 0.00000000000 0.00000000000 0.00000000000 0.00000000000
# logsel_p3_fsh[2]:
 0.00000000000 0.00000000000 0.00000000000 0.00000000000 0.00000000000 0.00000000000 0.00000000000 0.00000000000 0.00000000000 0.00000000000 0.00000000000 0.00000000000 0.00000000000 0.00000000000 0.00000000000 0.00000000000 0.00000000000 0.00000000000 0.00000000000 0.00000000000 0.00000000000 0.00000000000 0.00000000000 0.00000000000 0.00000000000 0.00000000000 0.00000000000 0.00000000000 0.00000000000 0.00000000000 0.00000000000 0.00000000000 0.00000000000
# logsel_p3_fsh[3]:
 0.00000000000 0.00000000000
# logsel_p3_fsh[4]:
 0.00000000000 0.00000000000 0.00000000000 0.00000000000 0.00000000000 0.00000000000 0.00000000000 0.00000000000 0.00000000000 0.00000000000 0.00000000000 0.00000000000 0.00000000000 0.00000000000 0.00000000000 0.00000000000 0.00000000000 0.00000000000 0.00000000000 0.00000000000 0.00000000000 0.00000000000 0.00000000000 0.00000000000 0.00000000000 0.00000000000 0.00000000000
# rec_dev_future:
 0.00000000000 0.00000000000 0.00000000000 0.00000000000 0.00000000000 0.00000000000 0.00000000000 0.00000000000 0.00000000000 0.00000000000 0.00000000000 0.00000000000 0.00000000000 0.00000000000 0.00000000000 0.00000000000 0.00000000000 0.00000000000 0.00000000000 0.00000000000
 0.00000000000 0.00000000000 0.00000000000 0.00000000000 0.00000000000 0.00000000000 0.00000000000 0.00000000000 0.00000000000 0.00000000000 0.00000000000 0.00000000000 0.00000000000 0.00000000000 0.00000000000 0.00000000000 0.00000000000 0.00000000000 0.00000000000 0.00000000000
# log_q_ind[1]:
-0.0131987648011
# log_q_ind[2]:
-3.42939899894
# log_q_ind[3]:
-9.55820131135
# log_q_ind[4]:
-0.745626715701
# log_q_ind[5]:
-3.76307486050
# log_q_ind[6]:
-6.07811618349
# log_q_ind[7]:
-0.635558991387
# log_q_power_ind[1]:
0.00000000000
# log_q_power_ind[2]:
0.00000000000
# log_q_power_ind[3]:
0.00000000000
# log_q_power_ind[4]:
0.00000000000
# log_q_power_ind[5]:
0.00000000000
# log_q_power_ind[6]:
0.00000000000
# log_q_power_ind[7]:
0.00000000000
# log_rw_q_ind[1]:
 -1.20989219340
# log_rw_q_ind[3]:
 -0.258521967104
# log_selcoffs_ind[1]:
 -3.37996603914 -2.23743076919 -1.14499797742 -0.292706685962 0.193059671669 0.413541186576 0.448350979508 0.418872797540 0.399228954509 0.400777529753
 -3.39047765345 -2.43832450590 -1.50823622411 -0.651441949178 0.0282362826432 0.424371611744 0.551464146381 0.520493521661 0.467078921201 0.447988546684
# log_selcoffs_ind[2]:
 -0.663938195966 -0.0981241891378 0.279499275954 0.417894959778 0.280754623417 0.0716735135257 -0.0861447880896 -0.172731277231 -0.221562597549 -0.249883386045
 -0.337152626082 -0.0418727815635 0.149215562319 0.294510546806 0.300958427976 0.171306616599 -0.0172123478987 -0.183309808372 -0.287093103902 -0.328613004817
# log_selcoffs_ind[3]:
 -0.202940821038 0.0202027052767 0.0202027052767 0.0202027052767 0.0202027052767 0.0202027052767 0.0202027052767 0.0202027052767 0.0202027052767 0.0202027052767
# log_selcoffs_ind[4]:
 -2.47751546419 -1.47412650527 -0.619438744090 -0.0971630716411 0.0923498451774 0.189178309674 0.277405033781 0.365912573054 0.438976855549 0.484745147698
 -3.12666145493 -2.24662767120 -1.38938012887 -0.663727686988 -0.142817703026 0.213784174031 0.448903251040 0.578908573910 0.603760304258 0.588502318987
# log_selcoffs_ind[5]:
 -3.04452005677 -0.669616569639 0.101782682789 0.174353368097 0.174353368097 0.174353368097 0.174353368097 0.174353368097 0.174353368097 0.174353368097
# log_selcoffs_ind[6]:
 -3.04452005677 -0.669616569639 0.101782682789 0.174353368097 0.174353368097 0.174353368097 0.174353368097 0.174353368097 0.174353368097 0.174353368097
# log_selcoffs_ind[7]:
 -3.04452005677 -0.669616569639 0.101782682789 0.174353368097 0.174353368097 0.174353368097 0.174353368097 0.174353368097 0.174353368097 0.174353368097
# logsel_slope_ind[1]:
 0.00000000000 0.00000000000
# logsel_slope_ind[2]:
 0.00000000000 0.00000000000
# logsel_slope_ind[3]:
 0.00000000000
# logsel_slope_ind[4]:
 0.00000000000 0.00000000000
# logsel_slope_ind[5]:
 0.00000000000
# logsel_slope_ind[6]:
 0.00000000000
# logsel_slope_ind[7]:
 0.00000000000
# sel50_ind[1]:
 0.00000000000 0.00000000000
# sel50_ind[2]:
 0.00000000000 0.00000000000
# sel50_ind[3]:
 0.00000000000
# sel50_ind[4]:
 0.00000000000 0.00000000000
# sel50_ind[5]:
 0.00000000000
# sel50_ind[6]:
 0.00000000000
# sel50_ind[7]:
 0.00000000000
# logsel_p1_ind[1]:
 0.00000000000 0.00000000000
# logsel_p1_ind[2]:
 0.00000000000 0.00000000000
# logsel_p1_ind[3]:
 0.00000000000
# logsel_p1_ind[4]:
 0.00000000000 0.00000000000
# logsel_p1_ind[5]:
 0.00000000000
# logsel_p1_ind[6]:
 0.00000000000
# logsel_p1_ind[7]:
 0.00000000000
# sel_p2_ind[1]:
 0.00000000000 0.00000000000
# sel_p2_ind[2]:
 0.00000000000 0.00000000000
# sel_p2_ind[3]:
 0.00000000000
# sel_p2_ind[4]:
 0.00000000000 0.00000000000
# sel_p2_ind[5]:
 0.00000000000
# sel_p2_ind[6]:
 0.00000000000
# sel_p2_ind[7]:
 0.00000000000
# logsel_p3_ind[1]:
 0.00000000000 0.00000000000
# logsel_p3_ind[2]:
 0.00000000000 0.00000000000
# logsel_p3_ind[3]:
 0.00000000000
# logsel_p3_ind[4]:
 0.00000000000 0.00000000000
# logsel_p3_ind[5]:
 0.00000000000
# logsel_p3_ind[6]:
 0.00000000000
# logsel_p3_ind[7]:
 0.00000000000
