# Number of parameters = 1434 Objective function value = 1225.71679763800  Maximum gradient component = 0.0254769560621624
# Mest[1]:
0.230000000000
# Mest[2]:
0.330000000000
# log_Linf[1]:
4.30945594184
# log_Linf[2]:
4.38701417618
# log_k[1]:
-1.83258146375
# log_k[2]:
-1.83258146375
# log_Lo[1]:
2.89037175790
# log_Lo[2]:
2.89037175790
# log_sdage[1]:
-2.40794560865
# log_sdage[2]:
-2.40794560865
# mean_log_rec[1]:
9.50329672299
# mean_log_rec[2]:
8.34281853231
# mean_log_rec[3]:
7.74610225830
# steepness[1]:
0.650000000000
# steepness[2]:
0.650000000000
# steepness[3]:
0.650000000000
# log_Rzero[1]:
9.11045873649
# log_Rzero[2]:
8.39057535143
# log_Rzero[3]:
7.40329153359
# rec_dev:
 -0.436029379177 -0.508510804404 -0.587232678356 -0.673117327160 -0.763607397652 -0.854770576810 -0.820968501311 -0.824478873957 -0.669599972400 -0.604242426906 -0.513249491921 -0.345162306990 -0.382784374403 -0.337925407117 -0.278509436371 -0.0934912813288 0.203926391287 0.400723135745 0.392012843358 0.347872217150 0.400663162069 0.520208547440 0.735923062171 0.732425964828 0.680173529174 1.33227503289 1.53297842583 0.712414893036 0.132403057763 0.333889931026 0.649259838267 0.784875973623 0.550014629233 0.321272268448 0.233808136104 0.305746410445 0.341656720967 0.494434371633 0.675159922664 0.575747149557 0.715212620540 0.697361147685 0.501044541470 -0.133841618732 -0.465170742977 -0.755581757162 -1.48231665109 -1.02119989719 -0.844539275621 -1.00349279804 -1.02620081495 -1.06380369669 -0.955640516714 -0.474954699291 -0.292392348060 -0.315217544625 -0.217732093253 0.164882687370 0.430989182980 0.0497013140801 0.0925402747691
 -0.000173019993692 -0.000219040157772 -0.000263839381894 -0.000297555688718 -0.000301500556205 -0.000242145384510 -6.22123660321e-05 0.000352754875207 0.000858027457740 0.00171861726590 0.00296644937613 0.0273620001822 0.0279725489548 0.0284097199845 0.0284393617211 0.0262872789088 0.0187680027108 0.00580091562174 -0.0489147861248 0.356812065361 -0.0168510609970 -0.116523686069 -0.00483749639356 0.411381556578 -0.0401965703036 -0.248316328203 -0.537157073677 -0.0491511336284 0.367863261494 0.894690890894 0.271139512616 0.236987766306 -0.465115980092 -0.00433544739073 -0.446702044712 -0.666099443966 0.00287020548569 0.0847306895154 0.0432453703683 -0.116591539582 0.535651722027 1.14800114753 -0.379628136289 0.606124095339 -0.750497513402 -0.244732502141 0.673821663827 -0.0324126418487 -1.27685610830 -2.04671235345 -0.540563052743 0.801039038829 -0.650236188124 -0.240382737489 -1.60734081874 -0.500580496894 -0.757434831839 -0.218451450254 1.25657729322 0.294475403426 -0.0367108332396
# log_sigmar[1]:
-0.510825623766
# log_sigmar[2]:
-0.510825623766
# log_sigmar[3]:
-0.510825623766
# fmort:
 0.0115725659191 0.0170064929430 0.00770894328462 0.00974136232170 0.0187510005722 0.0230456217887 0.0279231673925 0.0240718416574 0.0469982744463 0.0390443178614 0.0264730135495 0.0385663770646 0.0740044147260 0.0287282190220 0.0677282611616 0.0452976254973 0.00441976231943 0.0202562731125 0.0166357080941 0.0147482475448 0.0139736008971 0.0185574974435 0.0201753627677 0.0224392982347 0.0148666201053 0.0199554951829 0.0338222117271 0.0132255527170 0.00375692296867 0.00616887055548 0.00990080604827 0.0203658314093 0.00866948282936 0.0120635554108 0.0133193385046 0.0219618080156 0.0279111357778 0.0421106092633 0.0577036157466 0.0546364654560 0.0739617450755 0.0136394692614 0.00550780942099 0.00633637128057 0.00666724259780 0.00824340767868 0.00620444346950 0.00903173780999 0.00296742702259 0.00189480311575
 0.00146087958490 0.00224082840121 0.00341917543068 0.00565431959005 0.00405339050773 0.00729718035658 0.00942418736901 0.0137405909278 0.0221414563468 0.0273450185342 0.0247192728084 0.0490441691389 0.0674497972749 0.0550348469234 0.0742503843540 0.105274342158 0.117822702546 0.158190452934 0.219383433746 0.228922719711 0.229867560583 0.288771661960 0.378407741979 0.360458446609 0.481492964429 0.640404393596 0.621835417387 0.625072632990 0.369113105027 0.239972485347 0.180841011488 0.212393230948 0.209474719351 0.192938616365 0.188165334133 0.187840725408 0.197543912796 0.237223476751 0.206025517151 0.281385740831 0.167743151888 0.121491961130 0.103603370332 0.0825125087098 0.0794023573197 0.0791762651461 0.0868985739424 0.0808279289390 0.0860958654802 0.0764520981819
 0.000586403219632 0.00114279374623 0.00283625807469 0.00607040316989 0.0193769034181 0.00601862306034 0.00767800161521 0.103913403122 0.106033878778 0.0854134824471 0.0857882046900 0.115416820213 0.0370966224894 0.0220351763259 0.0256030368424 0.0187865485693 0.0102949582730 0.0117018738677 0.0448646317324 0.0371650755936 0.0327350787493 0.0268031599615 0.0158697238902 0.0273783364303 0.0457080689472 0.216851807151 0.370412339277 0.699365789541 0.615459613146 0.166889405847 0.120996260872 0.379759993347 0.0548310812936 0.0750572059761 0.0641889375327 0.0417470590253 0.102288846284 0.0856857352874 0.0967979868531 0.115964291936 0.0296935483773 0.144681083020 0.0695286782474 0.0421846406295 0.0450414330717 0.0185525931922 0.00893730548051 0.00435689319965 0.0117188583611 0.0163228201046
 2.10109707410e-13 2.22044604925e-13 0.000570180990719 2.38420394538e-13 2.41751063612e-13 2.43693953905e-13 3.56837854487e-06 0.000241425447529 0.00502874074196 0.0310837478219 0.0275459377443 0.0347336111512 0.0776962961607 0.0916766237170 0.121678331129 0.0979972379794 0.0926154662723 0.0958617686686 0.0982459117709 0.0809056472215 0.0661260379534 0.0416644977379 0.00357839244026 2.24542606730e-13 2.60347299275e-13 3.64708263589e-13 4.58244553414e-13 6.80566714095e-13 7.86870568703e-13 3.50689058098e-06 0.000635882285253 0.00442983039734 0.0133694486531 0.0256440682810 0.0448732532790 0.0379998126882 0.0571222013473 0.0865410175107 0.109517929259 0.149152147824 0.142746269240 0.0386769862211 0.0260454072607 0.0262334789329 0.0275013576112 0.0347613815746 0.0204291978031 0.0158588007625 0.0113330378481 0.00924001475801
# log_selcoffs_fsh[1]:
 -4.82898191362 -3.67701047642 -2.43725182859 -1.21935971052 -0.280632846006 0.510560818752 1.08518271794 0.891249355838 -0.268923949282
 -4.51917465656 -3.27740191653 -1.96165703035 -0.814614331490 -0.168204117335 0.457404565895 0.948988303828 0.801938107530 0.122074064019
 -4.18479764633 -2.93265314291 -1.70827490235 -0.684420305554 -0.00263410868470 0.534224781582 0.824643845557 0.666583341510 0.272942072100
 -3.78487706785 -2.44346658463 -1.31909143920 -0.519854501985 -0.0422501041727 0.394882231084 0.763118836573 0.683593551825 0.378207234782
 -3.56331512462 -2.12881296225 -0.763687085875 -0.00984155898337 0.210900391882 0.341036408189 0.489674597898 0.493711490767 0.395522550014
 -3.39618073742 -2.03891215674 -0.782419866156 0.0909024672369 0.483645694488 0.468211074904 0.361108628577 0.294802099523 0.252296224961
 -3.23509343276 -1.95032733887 -0.874926539450 -0.0629474728148 0.556834685704 0.678907972938 0.391202433360 0.165778214170 0.0830519891999
 -3.07021786166 -1.75989948560 -0.775270235436 -0.00623759836894 0.596746056471 0.711899930477 0.357681211788 0.0793591254368 -0.0402969207495
 -2.94077736159 -1.62473619325 -0.447907260021 0.202531554939 0.524251824044 0.588606878219 0.380960261636 0.0514653773764 -0.128316192185
 -2.78007644771 -1.35842431881 -0.179269313467 0.224513991772 0.528553681004 0.583558059915 0.297198810857 -0.0468591633224 -0.218007235282
 -2.61770233599 -0.987412856956 0.457380125082 0.449019492448 0.329885225316 0.286566650064 0.0791073261784 -0.160083518145 -0.286699415796
 -2.44601199322 -0.727752786580 0.441894773580 0.481026915037 0.440753661327 0.235539645020 -0.0445111910356 -0.251025163302 -0.352335300479
 -2.33112946702 -0.661707046442 0.475092595596 0.697685180063 0.403067171409 0.0866625972011 -0.188891654919 -0.355148828256 -0.425101967558
 -2.24128249321 -0.697186373109 0.484168829733 0.834506841291 0.396252926279 -0.0166859142396 -0.292947783687 -0.440072508329 -0.495211964774
 -2.36753185444 -0.832594231377 0.627818269020 0.870674450738 0.345630190478 -0.0723710183639 -0.352566943821 -0.510526002679 -0.574117194778
 -2.31800745917 -0.817914519571 0.670679861406 0.796356396784 0.396597326921 -0.0258919895095 -0.351717286002 -0.537874280590 -0.618965371950
 -2.11089303558 -0.590893777017 0.781871664184 0.719065092393 0.307626858764 -0.0638475830930 -0.365717643888 -0.557110187770 -0.649965716036
 -1.76212948272 -0.289430902037 0.571427885073 0.771347231985 0.377454250571 -0.0679241557642 -0.385792451450 -0.576167533941 -0.670794476145
 -1.63651564558 -0.267011040142 0.844445481574 0.726921074419 0.183296405781 -0.199915651055 -0.473283536594 -0.648321549966 -0.737217689464
 -1.38441281499 -0.150579267983 0.823809099967 0.712809002811 0.216766096168 -0.230005295537 -0.532682129367 -0.708595324775 -0.788567929088
 -1.30401152414 -0.0157099954892 0.883714637691 0.710337839071 0.140452317658 -0.316724397158 -0.626005887029 -0.793932742151 -0.859240748322
 -1.24525867786 -0.0883038608857 0.710761425299 0.932518338182 0.246918281232 -0.407110189195 -0.749215210108 -0.894277531684 -0.934137193371
 -1.16757325879 0.176758277302 0.924219965633 0.756612666653 0.0651781726844 -0.510398013670 -0.843895456024 -0.974479984210 -0.995434827246
 -1.31064450720 -0.0254126556038 0.903985475486 0.970575388123 0.00521132568312 -0.606891159808 -0.924480879109 -1.04582483999 -1.05511810665
 -1.45543225798 -0.0881204044877 0.931999818563 0.947218771798 0.0684829662334 -0.562498246805 -0.913956367012 -1.05485058963 -1.06975314917
 -1.41478228982 0.144440544229 0.750405365929 0.855033017592 0.224167675632 -0.356111876986 -0.805224909553 -0.992822743019 -1.01300401357
 -1.41877836435 -0.160681442856 0.597936536264 0.959435235249 0.308669272164 -0.222046679305 -0.676362685728 -0.888963173747 -0.926826310297
 -1.27478447436 0.210788391781 0.459029810039 0.766023953941 0.318660432448 -0.154494732557 -0.537894506011 -0.737222634777 -0.781816156644
 -1.16039039597 0.396660744629 0.618910059942 0.497302403991 0.126441450357 -0.186422977484 -0.438065096295 -0.584886868099 -0.632157845790
 -1.27128919296 -0.00863549479401 0.488012615212 0.790823046658 0.147789315669 -0.218265408343 -0.378643425708 -0.456425584049 -0.490487574937
 -1.18680720485 0.396234377118 0.505833395579 0.288611991752 0.0304352889216 -0.131824110361 -0.223594868289 -0.271368572409 -0.292661743811
 -1.14112382788 0.392426992685 0.115696009488 0.144242259241 0.109603618121 0.0273568453044 -0.0428311814800 -0.0848420756502 -0.103305654639
 -1.37347527653 -0.656546984234 -0.198703072826 0.410328564496 0.370533468159 0.223213726376 0.118151975340 0.0556054536531 0.0196446144523
 -1.62414766101 -0.968970098286 -0.380343735041 0.124263039969 0.252417060457 0.381083884096 0.343117371782 0.241466808285 0.160462917441
 -1.38517945596 -0.731650229254 -0.376156484414 0.196787665530 0.177878164250 0.205147822014 0.257502074326 0.275667694001 0.286032404509
 -0.574456252909 -0.234132704837 -0.707433240361 -0.358316573716 -0.121922738610 0.170069282242 0.314758184844 0.378330037605 0.440572372475
# log_selcoffs_fsh[2]:
 -6.48052809562 -5.03053477444 -3.57503689599 -1.96191804458 -0.577985994172 0.327338824343 0.987384394341 1.13465433436 0.517590889144 -0.909447175575
 -6.39448016283 -4.95209257561 -3.45903548935 -2.04377310435 -0.873890184643 0.189187820916 0.978374621378 1.16888863961 0.531485049359 -0.470533421143
 -6.27171950279 -4.88884232298 -3.48993772805 -2.13231730947 -1.01582210274 0.0442097890088 0.922762898056 1.15292665077 0.619197727243 -0.113068022200
 -6.10577252981 -4.75420472665 -3.46484095831 -2.22416060124 -1.14453029893 -0.179897187309 0.765558766950 1.14418577716 0.769641701871 0.220674399674
 -5.93907381286 -4.51982726308 -3.24326304101 -2.20552896194 -1.31360835253 -0.393101628253 0.590605662513 1.08147239217 0.891215042415 0.531361829066
 -5.78203859072 -4.44042857494 -3.14391848071 -1.95911618434 -1.13736051272 -0.520027238058 0.275858651962 0.895307549811 1.00933536999 0.865559229229
 -5.64084125308 -4.37210690996 -3.16271966373 -2.07636122713 -1.14650891038 -0.401615876887 0.170195982107 0.671963121451 0.982422384780 1.10347193122
 -5.52855401342 -4.30365984338 -3.15483276682 -2.14751091482 -1.27519048041 -0.565499995114 0.107439190802 0.588830886556 0.956372973732 1.24071663955
 -5.45448678437 -4.22205967487 -3.06423706299 -2.10848688916 -1.35303980791 -0.673944183412 0.0206351951689 0.610297678233 0.957707238602 1.27459478131
 -5.36894069219 -4.10215104797 -2.91839283174 -1.92072203690 -1.15118975471 -0.582413413786 -0.110012817030 0.477908172121 0.949313385243 1.33789645646
 -5.31476435187 -3.94456583836 -2.63563912346 -1.55438128040 -0.845615440247 -0.330656084508 0.0581169148793 0.372040859873 0.798234509602 1.33837355190
 -5.33075876923 -3.82907716189 -2.41495156966 -1.22839891571 -0.620548393788 -0.197232526615 0.117708534876 0.437172998831 0.854130630918 1.16629496377
 -5.35696526156 -3.68259928654 -2.07361264539 -0.799183511371 -0.259080689205 0.0920194991702 0.265764529914 0.444195454054 0.725336353693 0.954535841503
 -5.37873055498 -3.49901436776 -1.70497216275 -0.522473966768 0.103734114031 0.290113508093 0.337752040449 0.419370614514 0.576465997744 0.713886130611
 -5.35731461042 -3.28774129987 -1.32865472864 -0.0682806710911 0.360197924326 0.342296962357 0.229549984930 0.270798488542 0.445535534898 0.580512680972
 -5.29663312266 -3.08600681486 -1.02473486928 0.0895428183372 0.337650936708 0.298999749246 0.199723160748 0.230928099516 0.403153661430 0.570533849742
 -5.25548204583 -3.02096279720 -0.916142638369 0.0581130574906 0.317960672372 0.303711170280 0.196162042911 0.210286362527 0.391617918492 0.602568593558
 -5.22776987674 -3.19223834414 -1.27350371258 0.00715693342595 0.404097432067 0.375797639617 0.209958854850 0.193018503189 0.377107939886 0.592125276037
 -5.19017711381 -3.32532350599 -1.56480155407 -0.248477351147 0.456597144896 0.451088197431 0.232621295626 0.197193026827 0.388485809122 0.623802436143
 -5.11646016981 -3.36598500611 -1.69033754538 -0.412192538458 0.246287461297 0.381166906619 0.239959830252 0.236685897530 0.487551426402 0.789818258834
 -5.07943339728 -3.43911732700 -1.89360002332 -0.621907521816 0.137617136452 0.388864942314 0.288914692348 0.244857396581 0.508509970920 0.865487978225
 -5.08134445326 -3.52081938619 -2.05646588533 -0.888632270522 -0.0471148352221 0.420632045185 0.395889086463 0.315535244979 0.534851389869 0.868904177551
 -5.10338796344 -3.59052743905 -2.22084162703 -1.09584453759 -0.260270134353 0.414198597544 0.453020778279 0.396449468629 0.584995322240 0.869193793208
 -5.17586932987 -3.65435809539 -2.25932698001 -1.12622899569 -0.407037746143 0.191297673532 0.509339836214 0.502667477796 0.671887311770 0.870502688915
 -5.25474973983 -3.70236925747 -2.20677040369 -0.914980867727 -0.265658486292 0.00529050353198 0.320403667281 0.538573615225 0.715925283094 0.936173125025
 -5.36589542902 -3.76655517020 -2.29608111742 -1.03231323035 -0.257049538903 0.238638437117 0.346138652177 0.461062574654 0.674690927254 0.920174471485
 -5.57357837572 -3.93864485534 -2.32653399408 -0.957657165036 -0.173606263721 0.387146223890 0.505427322315 0.472307552284 0.583755509752 0.755070646501
 -5.76700863378 -4.09719649174 -2.37435487085 -0.714111272035 0.0416801689688 0.503324298981 0.514120543489 0.399723387874 0.541280079231 0.598283298275
 -5.95464319210 -4.27012410557 -2.58815945127 -1.02095565284 -0.0981282488672 0.753028067286 0.721338450557 0.407026971131 0.449110650330 0.330466511467
 -6.11824189171 -4.39621327092 -2.68774911545 -1.05016562234 0.236760095291 0.860996405895 0.787217525582 0.394785394280 0.177551443036 0.0575866926507
 -6.21004625015 -4.42102634996 -2.58367252051 -0.809747886971 0.336451384970 0.827044104188 0.718485995157 0.373146092471 0.166144240531 0.0904044532581
 -6.23882070390 -4.37973582337 -2.47697446731 -0.741598236099 0.327355055226 0.612446450010 0.639223688630 0.439117903915 0.327347691888 0.306973747639
 -6.23701538383 -4.31163175937 -2.29846140302 -0.607733577552 -0.0182567333749 0.311677243295 0.565023719107 0.609812997883 0.534241850063 0.522526330444
 -6.26045366873 -4.36298642311 -2.47699209591 -0.890611255946 -0.0881583083697 0.366344485386 0.597411099207 0.649184764548 0.568341288640 0.492350161606
 -6.24265772657 -4.38981556028 -2.50813902243 -1.00799570029 -0.302729297825 0.209349984090 0.591120785530 0.716154564789 0.659532523398 0.577264754627
 -6.20831080488 -4.46754212315 -2.77154000466 -1.15942503104 -0.252322451941 0.171195669896 0.528280498825 0.708118022548 0.719161662252 0.624692045400
 -6.20084105873 -4.53796996086 -2.95268839147 -1.43666683067 -0.361894319525 0.224938160021 0.573358345297 0.714973896305 0.743928498144 0.602250128910
# log_selcoffs_fsh[3]:
 -2.36118024050 0.280184700275 1.47104246508 0.0706398121625 -2.06980454886 -3.85205445807 -4.84033628754
 -2.32984218168 0.882729768408 1.24135807451 -0.113944050912 -2.25881551699 -3.90142258300 -4.84161831291
# log_selcoffs_fsh[4]:
 -5.91982980965 -4.78817794393 -3.63258633182 -2.41498689986 -1.14253290178 0.0575088949672 0.928353175944 1.12836026538 0.628097891766
 -5.90709542776 -4.76795121303 -3.59782466650 -2.32925481407 -1.00891738314 0.152573722152 0.936357611688 1.06581497443 0.631649735832
 -5.87212016867 -4.72973168077 -3.56335501069 -2.32624285358 -1.02966954400 0.134626901973 0.921139922985 1.07054728048 0.658548536230
 -5.80596400055 -4.65240615347 -3.49530216771 -2.30547097438 -1.06585333845 0.0699163253877 0.878871567269 1.08376687435 0.730719731778
 -5.73451905413 -4.55390012084 -3.38387289975 -2.22692882139 -1.03297264128 0.0774510569776 0.842891969006 1.05685749064 0.791905763203
 -5.66078367864 -4.49498139284 -3.31306666500 -2.13091102601 -1.01899125909 0.00973893667807 0.797102515751 1.07049909249 0.843091694196
 -5.56469706358 -4.42017571990 -3.24829283709 -2.04124634114 -0.938234638403 0.0284747010751 0.768574688771 1.03255672870 0.888015379748
 -5.43549745942 -4.29194416574 -3.17016424602 -2.00795270783 -0.898297832067 0.0116141647750 0.723340402083 1.02745061224 0.928818847730
 -5.30107250283 -4.11212090900 -3.03089879442 -2.01582929035 -0.984879151040 -0.0193435753393 0.714445448339 1.01790317898 0.967893083175
 -5.17253591154 -3.97733223921 -2.84176856361 -1.81659540069 -0.916618322228 -0.0635215808654 0.632405457464 0.996474037472 1.03869390083
 -5.07136303986 -3.85945240693 -2.71085333291 -1.67668835625 -0.765698543802 -0.00290049115400 0.588337916279 0.934511295798 1.06818748877
 -4.99841682146 -3.74054665762 -2.56738603037 -1.54897803339 -0.663423008786 0.0750286841746 0.582370501292 0.888502820680 1.05275867710
 -4.93777487088 -3.59154461080 -2.34701358946 -1.35177546924 -0.590482766991 0.0743609706533 0.582057380598 0.866639903900 1.03352695861
 -4.87488598120 -3.40303193649 -1.98021189495 -0.971801541026 -0.390729841086 0.0596958912114 0.458823891631 0.814186036281 1.05257713771
 -4.80977861095 -3.25912586803 -1.73996441937 -0.634774130611 -0.135153402843 0.0916621858621 0.350894029363 0.717620536706 1.03260870865
 -4.72934135392 -3.14001142805 -1.53596969527 -0.386954977871 -0.0451528752605 0.0738733350195 0.290333411694 0.656410786989 1.01387523717
 -4.67343742114 -3.11755665865 -1.56349893188 -0.400558390827 -0.0348148963172 0.134037131047 0.332966531870 0.640542969588 0.980285061531
 -4.63051682453 -3.21302833616 -1.91575468444 -0.926224679820 -0.237812416206 0.319534776474 0.571240789572 0.689585414174 0.907673542887
 -4.55067053762 -3.25425616957 -2.08808331419 -1.18572105660 -0.467099026676 0.170034573273 0.584612189605 0.821132881712 0.971478500493
 -4.49440175514 -3.27248661343 -2.18246952377 -1.33343959757 -0.681109388430 -0.0341040970489 0.564170249074 0.929859872230 1.03315472139
 -4.43932403158 -3.22475946973 -2.13855342856 -1.37671294791 -0.797614086986 -0.222596490146 0.431295913844 0.987317514325 1.13271813944
 -4.37588576795 -3.12592999723 -1.87640171500 -1.23300883250 -0.810458276349 -0.249850780865 0.324885990593 0.854842493103 1.26427483640
 -4.34493384721 -3.20254045576 -2.14782962829 -1.35676451404 -0.795885376936 -0.177434130107 0.348562509277 0.825114179400 1.27658292069
 -4.27055311105 -3.18488664765 -2.18157917258 -1.38090353917 -0.792638352063 -0.253092870225 0.274964186267 0.813115750242 1.32971806304
 -4.26827291599 -3.19182714405 -2.10482685895 -1.14639857087 -0.517788419354 0.00630645999827 0.413028192410 0.806080443591 1.14822309623
 -4.09381324682 -3.00289225652 -1.80195099082 -0.995699325319 -0.502908708954 -0.0383856465926 0.390046022604 0.791277045101 1.14704295006
 -3.83194568840 -2.84584821315 -1.82422990919 -1.02858587977 -0.517581698870 -0.0595205836721 0.402706139002 0.833697781763 1.12022234539
 -3.39050254239 -2.52976109098 -1.69144053524 -1.05031294362 -0.589399364121 -0.189904333702 0.249817995364 0.768983943369 1.26115189548
 -2.78534309147 -2.07125288621 -1.50919018554 -1.04914920031 -0.782853718606 -0.478938411167 0.0421432715633 0.733435677831 1.39603010893
 -2.93603572101 -2.20658181182 -1.37937681037 -0.844172379834 -0.688823935062 -0.562192303108 -0.0985627753328 0.681766820347 1.43498164628
 -2.94843508956 -2.17996657321 -1.43955871967 -0.937059375359 -0.712909332093 -0.505368211756 -0.0235898266372 0.731049141492 1.40075877618
# log_sel_spl_fsh[1]:
 0.00000000000 0.00000000000 0.00000000000 0.00000000000
 0.00000000000 0.00000000000 0.00000000000 0.00000000000
 0.00000000000 0.00000000000 0.00000000000 0.00000000000
 0.00000000000 0.00000000000 0.00000000000 0.00000000000
 0.00000000000 0.00000000000 0.00000000000 0.00000000000
 0.00000000000 0.00000000000 0.00000000000 0.00000000000
 0.00000000000 0.00000000000 0.00000000000 0.00000000000
 0.00000000000 0.00000000000 0.00000000000 0.00000000000
 0.00000000000 0.00000000000 0.00000000000 0.00000000000
 0.00000000000 0.00000000000 0.00000000000 0.00000000000
 0.00000000000 0.00000000000 0.00000000000 0.00000000000
 0.00000000000 0.00000000000 0.00000000000 0.00000000000
 0.00000000000 0.00000000000 0.00000000000 0.00000000000
 0.00000000000 0.00000000000 0.00000000000 0.00000000000
 0.00000000000 0.00000000000 0.00000000000 0.00000000000
 0.00000000000 0.00000000000 0.00000000000 0.00000000000
 0.00000000000 0.00000000000 0.00000000000 0.00000000000
 0.00000000000 0.00000000000 0.00000000000 0.00000000000
 0.00000000000 0.00000000000 0.00000000000 0.00000000000
 0.00000000000 0.00000000000 0.00000000000 0.00000000000
 0.00000000000 0.00000000000 0.00000000000 0.00000000000
 0.00000000000 0.00000000000 0.00000000000 0.00000000000
 0.00000000000 0.00000000000 0.00000000000 0.00000000000
 0.00000000000 0.00000000000 0.00000000000 0.00000000000
 0.00000000000 0.00000000000 0.00000000000 0.00000000000
 0.00000000000 0.00000000000 0.00000000000 0.00000000000
 0.00000000000 0.00000000000 0.00000000000 0.00000000000
 0.00000000000 0.00000000000 0.00000000000 0.00000000000
 0.00000000000 0.00000000000 0.00000000000 0.00000000000
 0.00000000000 0.00000000000 0.00000000000 0.00000000000
 0.00000000000 0.00000000000 0.00000000000 0.00000000000
 0.00000000000 0.00000000000 0.00000000000 0.00000000000
 0.00000000000 0.00000000000 0.00000000000 0.00000000000
 0.00000000000 0.00000000000 0.00000000000 0.00000000000
 0.00000000000 0.00000000000 0.00000000000 0.00000000000
 0.00000000000 0.00000000000 0.00000000000 0.00000000000
# log_sel_spl_fsh[2]:
 0.00000000000 0.00000000000 0.00000000000 0.00000000000
 0.00000000000 0.00000000000 0.00000000000 0.00000000000
 0.00000000000 0.00000000000 0.00000000000 0.00000000000
 0.00000000000 0.00000000000 0.00000000000 0.00000000000
 0.00000000000 0.00000000000 0.00000000000 0.00000000000
 0.00000000000 0.00000000000 0.00000000000 0.00000000000
 0.00000000000 0.00000000000 0.00000000000 0.00000000000
 0.00000000000 0.00000000000 0.00000000000 0.00000000000
 0.00000000000 0.00000000000 0.00000000000 0.00000000000
 0.00000000000 0.00000000000 0.00000000000 0.00000000000
 0.00000000000 0.00000000000 0.00000000000 0.00000000000
 0.00000000000 0.00000000000 0.00000000000 0.00000000000
 0.00000000000 0.00000000000 0.00000000000 0.00000000000
 0.00000000000 0.00000000000 0.00000000000 0.00000000000
 0.00000000000 0.00000000000 0.00000000000 0.00000000000
 0.00000000000 0.00000000000 0.00000000000 0.00000000000
 0.00000000000 0.00000000000 0.00000000000 0.00000000000
 0.00000000000 0.00000000000 0.00000000000 0.00000000000
 0.00000000000 0.00000000000 0.00000000000 0.00000000000
 0.00000000000 0.00000000000 0.00000000000 0.00000000000
 0.00000000000 0.00000000000 0.00000000000 0.00000000000
 0.00000000000 0.00000000000 0.00000000000 0.00000000000
 0.00000000000 0.00000000000 0.00000000000 0.00000000000
 0.00000000000 0.00000000000 0.00000000000 0.00000000000
 0.00000000000 0.00000000000 0.00000000000 0.00000000000
 0.00000000000 0.00000000000 0.00000000000 0.00000000000
 0.00000000000 0.00000000000 0.00000000000 0.00000000000
 0.00000000000 0.00000000000 0.00000000000 0.00000000000
 0.00000000000 0.00000000000 0.00000000000 0.00000000000
 0.00000000000 0.00000000000 0.00000000000 0.00000000000
 0.00000000000 0.00000000000 0.00000000000 0.00000000000
 0.00000000000 0.00000000000 0.00000000000 0.00000000000
 0.00000000000 0.00000000000 0.00000000000 0.00000000000
 0.00000000000 0.00000000000 0.00000000000 0.00000000000
 0.00000000000 0.00000000000 0.00000000000 0.00000000000
 0.00000000000 0.00000000000 0.00000000000 0.00000000000
 0.00000000000 0.00000000000 0.00000000000 0.00000000000
# log_sel_spl_fsh[3]:
 0.00000000000 0.00000000000 0.00000000000 0.00000000000
 0.00000000000 0.00000000000 0.00000000000 0.00000000000
# log_sel_spl_fsh[4]:
 0.00000000000 0.00000000000 0.00000000000 0.00000000000
 0.00000000000 0.00000000000 0.00000000000 0.00000000000
 0.00000000000 0.00000000000 0.00000000000 0.00000000000
 0.00000000000 0.00000000000 0.00000000000 0.00000000000
 0.00000000000 0.00000000000 0.00000000000 0.00000000000
 0.00000000000 0.00000000000 0.00000000000 0.00000000000
 0.00000000000 0.00000000000 0.00000000000 0.00000000000
 0.00000000000 0.00000000000 0.00000000000 0.00000000000
 0.00000000000 0.00000000000 0.00000000000 0.00000000000
 0.00000000000 0.00000000000 0.00000000000 0.00000000000
 0.00000000000 0.00000000000 0.00000000000 0.00000000000
 0.00000000000 0.00000000000 0.00000000000 0.00000000000
 0.00000000000 0.00000000000 0.00000000000 0.00000000000
 0.00000000000 0.00000000000 0.00000000000 0.00000000000
 0.00000000000 0.00000000000 0.00000000000 0.00000000000
 0.00000000000 0.00000000000 0.00000000000 0.00000000000
 0.00000000000 0.00000000000 0.00000000000 0.00000000000
 0.00000000000 0.00000000000 0.00000000000 0.00000000000
 0.00000000000 0.00000000000 0.00000000000 0.00000000000
 0.00000000000 0.00000000000 0.00000000000 0.00000000000
 0.00000000000 0.00000000000 0.00000000000 0.00000000000
 0.00000000000 0.00000000000 0.00000000000 0.00000000000
 0.00000000000 0.00000000000 0.00000000000 0.00000000000
 0.00000000000 0.00000000000 0.00000000000 0.00000000000
 0.00000000000 0.00000000000 0.00000000000 0.00000000000
 0.00000000000 0.00000000000 0.00000000000 0.00000000000
 0.00000000000 0.00000000000 0.00000000000 0.00000000000
 0.00000000000 0.00000000000 0.00000000000 0.00000000000
 0.00000000000 0.00000000000 0.00000000000 0.00000000000
 0.00000000000 0.00000000000 0.00000000000 0.00000000000
 0.00000000000 0.00000000000 0.00000000000 0.00000000000
# logsel_slope_fsh[1]:
 0.00000000000 0.00000000000 0.00000000000 0.00000000000 0.00000000000 0.00000000000 0.00000000000 0.00000000000 0.00000000000 0.00000000000 0.00000000000 0.00000000000 0.00000000000 0.00000000000 0.00000000000 0.00000000000 0.00000000000 0.00000000000 0.00000000000 0.00000000000 0.00000000000 0.00000000000 0.00000000000 0.00000000000 0.00000000000 0.00000000000 0.00000000000 0.00000000000 0.00000000000 0.00000000000 0.00000000000 0.00000000000 0.00000000000 0.00000000000 0.00000000000 0.00000000000
# logsel_slope_fsh[2]:
 0.00000000000 0.00000000000 0.00000000000 0.00000000000 0.00000000000 0.00000000000 0.00000000000 0.00000000000 0.00000000000 0.00000000000 0.00000000000 0.00000000000 0.00000000000 0.00000000000 0.00000000000 0.00000000000 0.00000000000 0.00000000000 0.00000000000 0.00000000000 0.00000000000 0.00000000000 0.00000000000 0.00000000000 0.00000000000 0.00000000000 0.00000000000 0.00000000000 0.00000000000 0.00000000000 0.00000000000 0.00000000000 0.00000000000 0.00000000000 0.00000000000 0.00000000000 0.00000000000
# logsel_slope_fsh[3]:
 0.00000000000 0.00000000000
# logsel_slope_fsh[4]:
 0.00000000000 0.00000000000 0.00000000000 0.00000000000 0.00000000000 0.00000000000 0.00000000000 0.00000000000 0.00000000000 0.00000000000 0.00000000000 0.00000000000 0.00000000000 0.00000000000 0.00000000000 0.00000000000 0.00000000000 0.00000000000 0.00000000000 0.00000000000 0.00000000000 0.00000000000 0.00000000000 0.00000000000 0.00000000000 0.00000000000 0.00000000000 0.00000000000 0.00000000000 0.00000000000 0.00000000000
# sel50_fsh[1]:
 0.00000000000 0.00000000000 0.00000000000 0.00000000000 0.00000000000 0.00000000000 0.00000000000 0.00000000000 0.00000000000 0.00000000000 0.00000000000 0.00000000000 0.00000000000 0.00000000000 0.00000000000 0.00000000000 0.00000000000 0.00000000000 0.00000000000 0.00000000000 0.00000000000 0.00000000000 0.00000000000 0.00000000000 0.00000000000 0.00000000000 0.00000000000 0.00000000000 0.00000000000 0.00000000000 0.00000000000 0.00000000000 0.00000000000 0.00000000000 0.00000000000 0.00000000000
# sel50_fsh[2]:
 0.00000000000 0.00000000000 0.00000000000 0.00000000000 0.00000000000 0.00000000000 0.00000000000 0.00000000000 0.00000000000 0.00000000000 0.00000000000 0.00000000000 0.00000000000 0.00000000000 0.00000000000 0.00000000000 0.00000000000 0.00000000000 0.00000000000 0.00000000000 0.00000000000 0.00000000000 0.00000000000 0.00000000000 0.00000000000 0.00000000000 0.00000000000 0.00000000000 0.00000000000 0.00000000000 0.00000000000 0.00000000000 0.00000000000 0.00000000000 0.00000000000 0.00000000000 0.00000000000
# sel50_fsh[3]:
 0.00000000000 0.00000000000
# sel50_fsh[4]:
 0.00000000000 0.00000000000 0.00000000000 0.00000000000 0.00000000000 0.00000000000 0.00000000000 0.00000000000 0.00000000000 0.00000000000 0.00000000000 0.00000000000 0.00000000000 0.00000000000 0.00000000000 0.00000000000 0.00000000000 0.00000000000 0.00000000000 0.00000000000 0.00000000000 0.00000000000 0.00000000000 0.00000000000 0.00000000000 0.00000000000 0.00000000000 0.00000000000 0.00000000000 0.00000000000 0.00000000000
# logsel_p1_fsh[1]:
 0.00000000000 0.00000000000 0.00000000000 0.00000000000 0.00000000000 0.00000000000 0.00000000000 0.00000000000 0.00000000000 0.00000000000 0.00000000000 0.00000000000 0.00000000000 0.00000000000 0.00000000000 0.00000000000 0.00000000000 0.00000000000 0.00000000000 0.00000000000 0.00000000000 0.00000000000 0.00000000000 0.00000000000 0.00000000000 0.00000000000 0.00000000000 0.00000000000 0.00000000000 0.00000000000 0.00000000000 0.00000000000 0.00000000000 0.00000000000 0.00000000000 0.00000000000
# logsel_p1_fsh[2]:
 0.00000000000 0.00000000000 0.00000000000 0.00000000000 0.00000000000 0.00000000000 0.00000000000 0.00000000000 0.00000000000 0.00000000000 0.00000000000 0.00000000000 0.00000000000 0.00000000000 0.00000000000 0.00000000000 0.00000000000 0.00000000000 0.00000000000 0.00000000000 0.00000000000 0.00000000000 0.00000000000 0.00000000000 0.00000000000 0.00000000000 0.00000000000 0.00000000000 0.00000000000 0.00000000000 0.00000000000 0.00000000000 0.00000000000 0.00000000000 0.00000000000 0.00000000000 0.00000000000
# logsel_p1_fsh[3]:
 0.00000000000 0.00000000000
# logsel_p1_fsh[4]:
 0.00000000000 0.00000000000 0.00000000000 0.00000000000 0.00000000000 0.00000000000 0.00000000000 0.00000000000 0.00000000000 0.00000000000 0.00000000000 0.00000000000 0.00000000000 0.00000000000 0.00000000000 0.00000000000 0.00000000000 0.00000000000 0.00000000000 0.00000000000 0.00000000000 0.00000000000 0.00000000000 0.00000000000 0.00000000000 0.00000000000 0.00000000000 0.00000000000 0.00000000000 0.00000000000 0.00000000000
# sel_p2_fsh[1]:
 0.00000000000 0.00000000000 0.00000000000 0.00000000000 0.00000000000 0.00000000000 0.00000000000 0.00000000000 0.00000000000 0.00000000000 0.00000000000 0.00000000000 0.00000000000 0.00000000000 0.00000000000 0.00000000000 0.00000000000 0.00000000000 0.00000000000 0.00000000000 0.00000000000 0.00000000000 0.00000000000 0.00000000000 0.00000000000 0.00000000000 0.00000000000 0.00000000000 0.00000000000 0.00000000000 0.00000000000 0.00000000000 0.00000000000 0.00000000000 0.00000000000 0.00000000000
# sel_p2_fsh[2]:
 0.00000000000 0.00000000000 0.00000000000 0.00000000000 0.00000000000 0.00000000000 0.00000000000 0.00000000000 0.00000000000 0.00000000000 0.00000000000 0.00000000000 0.00000000000 0.00000000000 0.00000000000 0.00000000000 0.00000000000 0.00000000000 0.00000000000 0.00000000000 0.00000000000 0.00000000000 0.00000000000 0.00000000000 0.00000000000 0.00000000000 0.00000000000 0.00000000000 0.00000000000 0.00000000000 0.00000000000 0.00000000000 0.00000000000 0.00000000000 0.00000000000 0.00000000000 0.00000000000
# sel_p2_fsh[3]:
 0.00000000000 0.00000000000
# sel_p2_fsh[4]:
 0.00000000000 0.00000000000 0.00000000000 0.00000000000 0.00000000000 0.00000000000 0.00000000000 0.00000000000 0.00000000000 0.00000000000 0.00000000000 0.00000000000 0.00000000000 0.00000000000 0.00000000000 0.00000000000 0.00000000000 0.00000000000 0.00000000000 0.00000000000 0.00000000000 0.00000000000 0.00000000000 0.00000000000 0.00000000000 0.00000000000 0.00000000000 0.00000000000 0.00000000000 0.00000000000 0.00000000000
# logsel_p3_fsh[1]:
 0.00000000000 0.00000000000 0.00000000000 0.00000000000 0.00000000000 0.00000000000 0.00000000000 0.00000000000 0.00000000000 0.00000000000 0.00000000000 0.00000000000 0.00000000000 0.00000000000 0.00000000000 0.00000000000 0.00000000000 0.00000000000 0.00000000000 0.00000000000 0.00000000000 0.00000000000 0.00000000000 0.00000000000 0.00000000000 0.00000000000 0.00000000000 0.00000000000 0.00000000000 0.00000000000 0.00000000000 0.00000000000 0.00000000000 0.00000000000 0.00000000000 0.00000000000
# logsel_p3_fsh[2]:
 0.00000000000 0.00000000000 0.00000000000 0.00000000000 0.00000000000 0.00000000000 0.00000000000 0.00000000000 0.00000000000 0.00000000000 0.00000000000 0.00000000000 0.00000000000 0.00000000000 0.00000000000 0.00000000000 0.00000000000 0.00000000000 0.00000000000 0.00000000000 0.00000000000 0.00000000000 0.00000000000 0.00000000000 0.00000000000 0.00000000000 0.00000000000 0.00000000000 0.00000000000 0.00000000000 0.00000000000 0.00000000000 0.00000000000 0.00000000000 0.00000000000 0.00000000000 0.00000000000
# logsel_p3_fsh[3]:
 0.00000000000 0.00000000000
# logsel_p3_fsh[4]:
 0.00000000000 0.00000000000 0.00000000000 0.00000000000 0.00000000000 0.00000000000 0.00000000000 0.00000000000 0.00000000000 0.00000000000 0.00000000000 0.00000000000 0.00000000000 0.00000000000 0.00000000000 0.00000000000 0.00000000000 0.00000000000 0.00000000000 0.00000000000 0.00000000000 0.00000000000 0.00000000000 0.00000000000 0.00000000000 0.00000000000 0.00000000000 0.00000000000 0.00000000000 0.00000000000 0.00000000000
# rec_dev_future:
 0.00000000000 0.00000000000 0.00000000000 0.00000000000 0.00000000000 0.00000000000 0.00000000000 0.00000000000 0.00000000000 0.00000000000 0.00000000000 0.00000000000 0.00000000000 0.00000000000 0.00000000000 0.00000000000 0.00000000000 0.00000000000 0.00000000000 0.00000000000
 0.00000000000 0.00000000000 0.00000000000 0.00000000000 0.00000000000 0.00000000000 0.00000000000 0.00000000000 0.00000000000 0.00000000000 0.00000000000 0.00000000000 0.00000000000 0.00000000000 0.00000000000 0.00000000000 0.00000000000 0.00000000000 0.00000000000 0.00000000000
# log_q_ind[1]:
-0.0656682529151
# log_q_ind[2]:
-3.09887823905
# log_q_ind[3]:
-9.55228559465
# log_q_ind[4]:
-0.793983310130
# log_q_ind[5]:
-4.02843059523
# log_q_ind[6]:
-6.35993469596
# log_q_ind[7]:
-0.961266996486
# log_q_power_ind[1]:
0.00000000000
# log_q_power_ind[2]:
0.00000000000
# log_q_power_ind[3]:
0.00000000000
# log_q_power_ind[4]:
0.00000000000
# log_q_power_ind[5]:
0.00000000000
# log_q_power_ind[6]:
0.00000000000
# log_q_power_ind[7]:
0.00000000000
# log_rw_q_ind[1]:
 -1.21687073273
# log_rw_q_ind[3]:
 -0.295593289675
# log_selcoffs_ind[1]:
 -3.23248451950 -2.11276197560 -1.04171197469 -0.208922573872 0.256637741505 0.451953599326 0.454719943782 0.388486452666 0.333392147155 0.311300610459
 -3.19972153553 -2.26147294499 -1.34778221856 -0.512420788967 0.137145920806 0.490289961355 0.564986267448 0.478540300471 0.375774564440 0.327233547673
# log_selcoffs_ind[2]:
 -0.570534824569 -0.0668247663480 0.242211520825 0.331938153109 0.185938937620 0.00559506901563 -0.0945719672396 -0.107139866948 -0.0958134663384 -0.0998959158086
 -0.0772529446010 0.101589678923 0.188106280156 0.247178746840 0.204231186544 0.0647193675092 -0.101478170893 -0.227119262202 -0.289565371596 -0.304232405250
 0.330408724283 0.245036335441 0.229186327522 0.216612731913 0.114757100917 -0.0570682398234 -0.229877384403 -0.364651129821 -0.439562625623 -0.459124084906
# log_selcoffs_ind[3]:
 -0.202940821038 0.0202027052767 0.0202027052767 0.0202027052767 0.0202027052767 0.0202027052767 0.0202027052767 0.0202027052767 0.0202027052767 0.0202027052767
# log_selcoffs_ind[4]:
 -2.40669231926 -1.41431202115 -0.569566071286 -0.0570062355980 0.121218987446 0.204115438456 0.276289860228 0.348551982174 0.408046442114 0.445968509949
 -3.02708704593 -2.17068394480 -1.33508355611 -0.624506932268 -0.112097037026 0.236925177348 0.460533007882 0.573378736913 0.579028082219 0.550433701419
# log_selcoffs_ind[5]:
 -3.04452005677 -0.669616569639 0.101782682789 0.174353368097 0.174353368097 0.174353368097 0.174353368097 0.174353368097 0.174353368097 0.174353368097
# log_selcoffs_ind[6]:
 -3.04452005677 -0.669616569639 0.101782682789 0.174353368097 0.174353368097 0.174353368097 0.174353368097 0.174353368097 0.174353368097 0.174353368097
# log_selcoffs_ind[7]:
 -3.04452005677 -0.669616569639 0.101782682789 0.174353368097 0.174353368097 0.174353368097 0.174353368097 0.174353368097 0.174353368097 0.174353368097
# logsel_slope_ind[1]:
 0.00000000000 0.00000000000
# logsel_slope_ind[2]:
 0.00000000000 0.00000000000 0.00000000000
# logsel_slope_ind[3]:
 0.00000000000
# logsel_slope_ind[4]:
 0.00000000000 0.00000000000
# logsel_slope_ind[5]:
 0.00000000000
# logsel_slope_ind[6]:
 0.00000000000
# logsel_slope_ind[7]:
 0.00000000000
# sel50_ind[1]:
 0.00000000000 0.00000000000
# sel50_ind[2]:
 0.00000000000 0.00000000000 0.00000000000
# sel50_ind[3]:
 0.00000000000
# sel50_ind[4]:
 0.00000000000 0.00000000000
# sel50_ind[5]:
 0.00000000000
# sel50_ind[6]:
 0.00000000000
# sel50_ind[7]:
 0.00000000000
# logsel_p1_ind[1]:
 0.00000000000 0.00000000000
# logsel_p1_ind[2]:
 0.00000000000 0.00000000000 0.00000000000
# logsel_p1_ind[3]:
 0.00000000000
# logsel_p1_ind[4]:
 0.00000000000 0.00000000000
# logsel_p1_ind[5]:
 0.00000000000
# logsel_p1_ind[6]:
 0.00000000000
# logsel_p1_ind[7]:
 0.00000000000
# sel_p2_ind[1]:
 0.00000000000 0.00000000000
# sel_p2_ind[2]:
 0.00000000000 0.00000000000 0.00000000000
# sel_p2_ind[3]:
 0.00000000000
# sel_p2_ind[4]:
 0.00000000000 0.00000000000
# sel_p2_ind[5]:
 0.00000000000
# sel_p2_ind[6]:
 0.00000000000
# sel_p2_ind[7]:
 0.00000000000
# logsel_p3_ind[1]:
 0.00000000000 0.00000000000
# logsel_p3_ind[2]:
 0.00000000000 0.00000000000 0.00000000000
# logsel_p3_ind[3]:
 0.00000000000
# logsel_p3_ind[4]:
 0.00000000000 0.00000000000
# logsel_p3_ind[5]:
 0.00000000000
# logsel_p3_ind[6]:
 0.00000000000
# logsel_p3_ind[7]:
 0.00000000000
