# Number of parameters = 1366 Objective function value = 1145.67789965077  Maximum gradient component = 0.0287310751500800
# Mest[1]:
0.230000000000
# Mest[2]:
0.330000000000
# log_Linf[1]:
4.30945594184
# log_Linf[2]:
4.38701417618
# log_k[1]:
-1.83258146375
# log_k[2]:
-1.83258146375
# log_Lo[1]:
2.89037175790
# log_Lo[2]:
2.89037175790
# log_sdage[1]:
-2.40794560865
# log_sdage[2]:
-2.40794560865
# mean_log_rec[1]:
9.51067893890
# mean_log_rec[2]:
8.33734139563
# mean_log_rec[3]:
7.60901415858
# steepness[1]:
0.650000000000
# steepness[2]:
0.650000000000
# steepness[3]:
0.650000000000
# log_Rzero[1]:
9.08447022030
# log_Rzero[2]:
8.38463656270
# log_Rzero[3]:
7.41139725481
# rec_dev:
 -0.436864418650 -0.509430989381 -0.588232982290 -0.674199260367 -0.764799163439 -0.856064243092 -0.822466064516 -0.826128005485 -0.671445040856 -0.606523546035 -0.516196729250 -0.348634196393 -0.386625669860 -0.342100425861 -0.282915388083 -0.0981940065587 0.198838052016 0.395422705597 0.386693098051 0.342354751429 0.394710777565 0.514102769615 0.730000288673 0.727130202680 0.675306740848 1.32689930248 1.52642626905 0.704653625248 0.124726135379 0.325285794663 0.639294209246 0.773893012706 0.538607011643 0.310456231728 0.224302912578 0.297025560304 0.332756580044 0.484908171534 0.664985183776 0.565659186203 0.704717485157 0.684377619928 0.483203660574 -0.154638944036 -0.481642374602 -0.768589173910 -1.49055451907 -1.01928901601 -0.816989488692 -0.931948626310 -0.884010827650 -0.874196308035 -0.777479038328 -0.261828595141 -0.0822661342403 -0.222866052084 -0.0210119943456 0.432663591482 -0.152247277704
 -0.000184095689871 -0.000235131941238 -0.000286508544358 -0.000328809300422 -0.000344654435745 -0.000301174917961 -0.000141743486186 0.000247845771970 0.000721621208484 0.00154431653931 0.00274994916591 0.0269636457684 0.0275416581217 0.0279388299742 0.0278921521324 0.0254595912602 0.0174861871878 0.00388787995343 -0.0520148752948 0.353874865378 -0.0185521987652 -0.119126495224 -0.00844776209965 0.409056571697 -0.0415550714223 -0.249939444695 -0.538460673085 -0.0498908215593 0.368177862992 0.894241723115 0.268334279327 0.234146943777 -0.468517538005 -0.00636817999769 -0.446002128550 -0.664190875082 0.00616843179352 0.0896285664514 0.0473133293172 -0.108496917432 0.660091478641 1.27968587891 -0.252439607394 0.736797855057 -0.636117079998 -0.108432199349 0.794112304858 0.0873211545604 -1.16325355557 -1.91542319572 -0.384054613839 0.927230926911 -0.545603121621 -0.112699772471 -1.48892840674 -0.345009304725 -0.581989371925 0.0786991609288 0.650042170728
# log_sigmar[1]:
-0.510825623766
# log_sigmar[2]:
-0.510825623766
# log_sigmar[3]:
-0.510825623766
# fmort:
 0.0115993523064 0.0170219582763 0.00770602801972 0.00972708065570 0.0187093781365 0.0229838065915 0.0278400076211 0.0239958746558 0.0468447535657 0.0389062366157 0.0263759882044 0.0384242777134 0.0737079231845 0.0286058280951 0.0673895929302 0.0450531448814 0.00439400868510 0.0201459878675 0.0165565951467 0.0146902070534 0.0139281551729 0.0185096596360 0.0201455948410 0.0224444803865 0.0148801703702 0.0199828182925 0.0338805079505 0.0132608512282 0.00377118399800 0.00619744633323 0.00995048106962 0.0204813823783 0.00872765135315 0.0121698213995 0.0134594037705 0.0221723613459 0.0281315972702 0.0423933091758 0.0579047693123 0.0544332963848 0.0713042920670 0.0124571390163 0.00481698478853 0.00535825753470 0.00538303510673 0.00619590867568 0.00431263376376 0.00630343563661
 0.00146000183251 0.00223758343736 0.00341143267776 0.00563755993690 0.00403953621729 0.00727067133370 0.00939122213162 0.0136897918933 0.0220616822715 0.0272415768306 0.0246234121953 0.0488535781331 0.0671645624274 0.0547805362212 0.0738464449224 0.104617517757 0.116982818424 0.157026177489 0.217848210785 0.227489051238 0.228537772824 0.287340663079 0.376545661155 0.358151683071 0.478303379440 0.637284792963 0.619909783977 0.624011971042 0.368844099601 0.240154102775 0.181685374463 0.213743297294 0.211014667864 0.194476224473 0.189808346099 0.189801176752 0.200392555228 0.242807359055 0.213761843004 0.298194659532 0.182255693785 0.130967986798 0.106364590981 0.0820491200638 0.0781284623142 0.0760846098277 0.0774953614726 0.0686305650327
 0.000589188561989 0.00114832152597 0.00284982768375 0.00610101261908 0.0194782766332 0.00605104369469 0.00772278092464 0.104606205641 0.107032892772 0.0864907081755 0.0869520606304 0.116949571696 0.0375709780369 0.0222912517970 0.0258477685268 0.0189157226719 0.0103584135349 0.0117721264022 0.0451928478883 0.0374485583487 0.0329845226810 0.0269986043436 0.0159925587844 0.0275737672752 0.0460671036777 0.218131280965 0.372637914812 0.703514294860 0.619295501350 0.167549637094 0.121496009445 0.385885033025 0.0555425933827 0.0762851856536 0.0639175111109 0.0416136001650 0.104552040403 0.0867767768505 0.0965931776913 0.114670492238 0.0297440485259 0.147828614991 0.0694325046155 0.0424155826687 0.0448276802533 0.0184492333492 0.00870325137516 0.00406530875501
 2.10942374679e-13 2.22599716437e-13 0.000571688165197 2.37865283026e-13 2.41473507856e-13 2.43138842393e-13 3.56276457558e-06 0.000240811337351 0.00501523854639 0.0309831027928 0.0274418625837 0.0345895291985 0.0773065989588 0.0911411776708 0.120849264089 0.0972731126649 0.0919097027115 0.0952184101586 0.0977678929907 0.0806860136230 0.0661050509769 0.0417101628301 0.00357327024809 2.22877272194e-13 2.62290189568e-13 3.69149155688e-13 4.72399896978e-13 6.97775170977e-13 7.93254351095e-13 3.54779997935e-06 0.000647582110770 0.00453816103536 0.0137568544841 0.0264468344015 0.0462423205065 0.0391187733758 0.0588704586520 0.0898961398731 0.115624322601 0.160484241198 0.160292898296 0.0442984701297 0.0297712883348 0.0292560868618 0.0297246285904 0.0350850127591 0.0190040745152 0.0132693165354
# log_selcoffs_fsh[1]:
 -4.82643684215 -3.67478105224 -2.43525426110 -1.21756002470 -0.279131448948 0.511524127556 1.08522898294 0.890196085522 -0.270357432450
 -4.51681698305 -3.27536766380 -1.95978578250 -0.812648684343 -0.166169943807 0.458982063232 0.949157990324 0.800527129996 0.119640031669
 -4.18235897485 -2.93057440077 -1.70644285289 -0.682606584966 -0.000680763056542 0.535819628990 0.824827260109 0.665083284227 0.270222397747
 -3.78225631104 -2.44106520112 -1.31702841190 -0.518027416555 -0.0404235155190 0.396408999865 0.763397181472 0.682234554553 0.375576238360
 -3.56062221889 -2.12633326392 -0.761545864841 -0.00814109805924 0.212422894485 0.342167664188 0.489731704396 0.492137855318 0.392794530002
 -3.39330459650 -2.03629473567 -0.780178991185 0.0925622609363 0.484767536747 0.468797632419 0.360725261600 0.293187510243 0.249710073294
 -3.23206089675 -1.94754217366 -0.872564234370 -0.0612015141894 0.557794235679 0.679095965615 0.390605750080 0.164235231490 0.0807602085521
 -3.06724693792 -1.75701813321 -0.772793004334 -0.00447506454430 0.597731965177 0.711855617984 0.356748188178 0.0776916007014 -0.0424792951925
 -2.93815119662 -1.62194445452 -0.445336401340 0.204302183760 0.525061795004 0.588426563948 0.379809084887 0.0496102984476 -0.130493484824
 -2.77808963085 -1.35610826629 -0.176915439735 0.226163249461 0.529177980847 0.583219238270 0.296029545906 -0.0487998099919 -0.220229104347
 -2.61652837045 -0.986008408761 0.458960132964 0.450239613696 0.330220953593 0.286044595278 0.0778165382007 -0.162021445507 -0.289028495251
 -2.44554720951 -0.727209135359 0.442758326868 0.481995830492 0.441250608699 0.235300162464 -0.0455147743917 -0.252666098552 -0.354398938708
 -2.33113648622 -0.661871148937 0.475099665226 0.698187336344 0.403657810589 0.0868580523931 -0.189322451947 -0.356187875164 -0.426552733889
 -2.24156264461 -0.697682779241 0.483595514228 0.834514614336 0.396866321970 -0.0160636332026 -0.292689175909 -0.440307892208 -0.495829793162
 -2.36809189939 -0.833344689120 0.626997044248 0.870388419425 0.346187165605 -0.0714921181189 -0.351776087359 -0.510020553475 -0.573877304315
 -2.31896116194 -0.818979975893 0.669571953430 0.795820664966 0.397086954674 -0.0248299546912 -0.350468971568 -0.536679784773 -0.617894934507
 -2.11222487866 -0.592263223380 0.780604312536 0.718371327883 0.308083519849 -0.0625835853706 -0.363995308564 -0.555201578089 -0.648027897381
 -1.76383170499 -0.290951585796 0.569877505082 0.770380425748 0.377778524387 -0.0664879938193 -0.383578930512 -0.573517489374 -0.667965252042
 -1.63918789578 -0.268326260321 0.843197443974 0.725883044983 0.183501559262 -0.198408318321 -0.470673005595 -0.645019136542 -0.733599376235
 -1.38981035718 -0.152042920134 0.822909701748 0.711615536549 0.216784280087 -0.228358095630 -0.529612802658 -0.704626200339 -0.784191522496
 -1.31438682885 -0.0189872709804 0.883517554267 0.709613927132 0.140705639878 -0.314647877016 -0.622319626775 -0.789333270867 -0.854277155548
 -1.26268265241 -0.0954510758976 0.709969637544 0.933264942257 0.248554957516 -0.403630477773 -0.744238530371 -0.888765489452 -0.928629821393
 -1.19416014823 0.165140316141 0.922471468882 0.760000883889 0.0709752103016 -0.503222043867 -0.836014074754 -0.967101912235 -0.988987397553
 -1.34864327923 -0.0436099776544 0.900094872625 0.974436175577 0.0148219169378 -0.594768963200 -0.912513867921 -1.03614103372 -1.04806920487
 -1.50973021321 -0.115323338423 0.924958529876 0.952815486473 0.0830469601318 -0.544225053793 -0.896476688078 -1.04216430387 -1.06244586666
 -1.49068945013 0.101303799115 0.737742009971 0.865432443414 0.248491442796 -0.328799792600 -0.781824226396 -0.977838211408 -1.00687928842
 -1.51398304673 -0.223320375800 0.572741471930 0.968210385429 0.340704992737 -0.185222835011 -0.647259202436 -0.874212187622 -0.925750711017
 -1.37558645540 0.131263917721 0.427885501898 0.782013621153 0.365905262791 -0.105297677227 -0.501887312284 -0.723248883080 -0.788063327230
 -1.24245134592 0.332358870410 0.592219727461 0.520948655072 0.181927808539 -0.131061058494 -0.403860588426 -0.579771500471 -0.652015741819
 -1.33956195296 -0.0514084189978 0.466500112878 0.803783847157 0.194023281607 -0.172472425117 -0.359026572565 -0.474435134170 -0.538764843926
 -1.24773618894 0.369335262513 0.513702782172 0.324353305429 0.0813244746812 -0.0921693722388 -0.220221884666 -0.317326109913 -0.379269645067
 -1.21556241467 0.380874183921 0.153070593431 0.221853282924 0.177409608184 0.0595428337230 -0.0628074595406 -0.168445719251 -0.240130574907
 -1.54489390500 -0.668875437994 -0.120451307096 0.544427882109 0.458129047425 0.237014563861 0.0605510511326 -0.0812896454604 -0.184743069308
 -2.00028979396 -1.05681990441 -0.240727239136 0.478547610006 0.385265337883 0.368722004358 0.248338795542 0.0417409509811 -0.131303870135
# log_selcoffs_fsh[2]:
 -6.47731967170 -5.02773535560 -3.57257116786 -1.95971941718 -0.576124141417 0.328696432113 0.987910863657 1.13398299584 0.516114493480 -0.909900206510
 -6.39138757795 -4.94939623992 -3.45659505042 -2.04130811021 -0.871306001858 0.191492880430 0.979451495942 1.16812888410 0.529496581766 -0.472666771870
 -6.26876623817 -4.88629626423 -3.48769494530 -2.13007923477 -1.01329101867 0.0467743891798 0.924401573850 1.15258874445 0.617015415347 -0.116396649962
 -6.10295545226 -4.75175813990 -3.46279437457 -2.22230682804 -1.14242080171 -0.177463108429 0.767582423454 1.14456713313 0.767867169963 0.216877089958
 -5.93606729860 -4.51725259312 -3.24115619557 -2.20390885471 -1.31212301697 -0.391638456698 0.591912286618 1.08216047690 0.890492325462 0.528823153942
 -5.77864660351 -4.43750120859 -3.14166066526 -1.95773783944 -1.13635876644 -0.519191579040 0.276390637092 0.895670135334 1.00919161550 0.864569824788
 -5.63720706048 -4.36884869578 -3.16016080918 -2.07485074640 -1.14608428617 -0.401526971660 0.170368376840 0.672041806759 0.982329643928 1.10325385761
 -5.52496171844 -4.30016773991 -3.15180938099 -2.14544529640 -1.27426242302 -0.565701346496 0.106862746988 0.588736538701 0.956457245945 1.24072101942
 -5.45102217794 -4.21831093220 -3.06059436417 -2.10558204388 -1.35130163197 -0.673686614441 0.0194642681448 0.609274006747 0.957834123192 1.27503445898
 -5.36582176962 -4.09829544671 -2.91419810467 -1.91697996606 -1.14840518801 -0.580757121674 -0.110304934094 0.475719180839 0.948577510325 1.33869017896
 -5.31262370876 -3.94126885789 -2.63151627461 -1.55017112661 -0.841995688677 -0.327980706891 0.0594510800646 0.371301120794 0.795823168615 1.33844298483
 -5.33004374725 -3.82685459476 -2.41171906687 -1.22511448500 -0.617377725047 -0.194420109109 0.119526256533 0.437428040348 0.852718372713 1.16490769441
 -5.35794065136 -3.68165377216 -2.07153401501 -0.796817438123 -0.256672834616 0.0947654541789 0.268401729424 0.445405834557 0.724032577422 0.951117814538
 -5.38156171373 -3.49909911100 -1.70346911891 -0.520364532349 0.106384105122 0.293283619218 0.340857472775 0.420966688598 0.574444021425 0.708045110544
 -5.36231528017 -3.28858460025 -1.32678268212 -0.0652751713226 0.363942041492 0.346210280522 0.232542202810 0.271687638530 0.442333811200 0.572592692539
 -5.30445612990 -3.08795142038 -1.02246652688 0.0939075130561 0.342868009398 0.303669002588 0.202798092548 0.231076954116 0.398728370535 0.561190013891
 -5.26632853711 -3.02489308141 -0.915024887993 0.0613732411381 0.322464248433 0.308166168403 0.199291810346 0.210800904218 0.387937300082 0.594363602333
 -5.24154857092 -3.19845150925 -1.27567693233 0.00576882198328 0.404045139614 0.378001342528 0.213104351433 0.194969628933 0.376393921197 0.588791659384
 -5.20892406917 -3.33431806938 -1.56792768694 -0.250340276605 0.455463676878 0.451560057939 0.234682529822 0.199148732773 0.388902784028 0.622716119829
 -5.14219996305 -3.37872921483 -1.69402387499 -0.412953686684 0.245707668002 0.381280771205 0.240931320544 0.237947745345 0.488002262853 0.789263175999
 -5.11389075761 -3.45782015211 -1.89905816235 -0.621482032676 0.138967600663 0.389813010340 0.289815149411 0.245262871140 0.508153758566 0.864358460432
 -5.12589306157 -3.54816955673 -2.06741841004 -0.888106202461 -0.0434721308958 0.423899977204 0.397863560617 0.315894345328 0.533243347961 0.866003254530
 -5.15866697199 -3.62886747535 -2.24162463449 -1.10114349972 -0.256493371533 0.419412409438 0.457309446791 0.398342252104 0.583379147195 0.864089695010
 -5.24125313577 -3.70531630692 -2.29332478706 -1.14270335942 -0.409804328227 0.197701722700 0.517445265188 0.507875819422 0.671204438044 0.863633523555
 -5.32915614631 -3.76674828919 -2.25693344415 -0.946002919524 -0.279853437987 0.00411575207128 0.331564521286 0.551698536168 0.720421739337 0.929956829820
 -5.44660493254 -3.84446826707 -2.36343100146 -1.08047921721 -0.282251440939 0.230080431188 0.349562593468 0.476578861848 0.688498752302 0.919585118543
 -5.65652433391 -4.03001496420 -2.41411306783 -1.02447046213 -0.213697656516 0.374845735346 0.507249967548 0.484744886392 0.604532760133 0.766891626147
 -5.84164955434 -4.19552164512 -2.48124850079 -0.802570303545 -0.0151848203523 0.471544113221 0.510234352550 0.414552023140 0.575351267291 0.644845918056
 -6.01400146572 -4.36761724721 -2.71145734621 -1.13640742870 -0.178995912954 0.707594323694 0.701834784198 0.424144491151 0.504291416053 0.425728918904
 -6.16453250866 -4.48762729218 -2.81546685467 -1.18208383148 0.145905080054 0.819897297394 0.782571435646 0.421412540506 0.253169636429 0.176871296407
 -6.22002289980 -4.48067240557 -2.68918950189 -0.944767748266 0.208677440653 0.750016141465 0.692536870121 0.408879682140 0.287760264860 0.295314981008
 -6.19781786011 -4.38625570372 -2.54177336799 -0.852671427364 0.181475163666 0.469174186368 0.546052900319 0.435395173236 0.468483954859 0.595142938373
 -6.16112409729 -4.25846084849 -2.30848208717 -0.694879282739 -0.140276101235 0.150338583604 0.404101706778 0.533875319398 0.631918019346 0.819406541078
 -6.18541385111 -4.25842335467 -2.39254426047 -0.909147147594 -0.183990479423 0.252857822195 0.468058261075 0.565852547991 0.639239167105 0.750004872969
 -6.17592000249 -4.21858092062 -2.28999155583 -0.907299711922 -0.378745425495 0.0994084579378 0.499307551383 0.631263258897 0.681500161727 0.781469035052
# log_selcoffs_fsh[3]:
 -2.35958934295 0.274184442105 1.46949737696 0.0800468270913 -2.04328710383 -3.81990400441 -4.80799136292
 -2.28623588765 0.841221696528 1.25292181915 -0.0612240611985 -2.21711641860 -3.86759683361 -4.80934084293
# log_selcoffs_fsh[4]:
 -5.94988507232 -4.80634190299 -3.64055151589 -2.41622681610 -1.14098811798 0.0591130397378 0.928977618505 1.12794718196 0.627057966011
 -5.93792763192 -4.78661742630 -3.60604298430 -2.33055054993 -1.00729124798 0.154335511280 0.937128441303 1.06532695733 0.630262212064
 -5.90442195736 -4.74924891385 -3.57192187227 -2.32754302796 -1.02784797253 0.136655218179 0.922152274747 1.07006136047 0.656749452869
 -5.84053465011 -4.67321881427 -3.50436476830 -2.30674392968 -1.06370656666 0.0723920335429 0.880239797771 1.08333122264 0.728449516241
 -5.77221606006 -4.57659147417 -3.39371129767 -2.22829803413 -1.03055165650 0.0803952886327 0.844676858951 1.05639807864 0.789165078093
 -5.70241407781 -4.52000987256 -3.32399866215 -2.13261018400 -1.01653598006 0.0129599824059 0.799169543338 1.07015417192 0.840197324478
 -5.61166036769 -4.44813440139 -3.26070995092 -2.04373855488 -0.936315063008 0.0313686287197 0.770591463757 1.03235568417 0.885455411919
 -5.48990149878 -4.32411226162 -3.18442737452 -2.01151359458 -0.897264573263 0.0137756929984 0.725006998054 1.02747715516 0.927084460452
 -5.36444633275 -4.15040988376 -3.04806671060 -2.02068214316 -0.984966297492 -0.0184238830375 0.715245147086 1.01816475456 0.967573768169
 -5.24607294137 -4.02264776930 -2.86337620601 -1.82359973994 -0.918145125968 -0.0639617463743 0.632072860653 0.996831959358 1.04021197835
 -5.15669609415 -3.91244337148 -2.73731943234 -1.68682836601 -0.769384199605 -0.00516198255988 0.586929647534 0.935074508390 1.07171628359
 -5.09776627436 -3.80183069846 -2.59834194018 -1.56220322157 -0.669493932447 0.0707727249915 0.579594505693 0.889527062000 1.05879391376
 -5.05397662008 -3.66199404781 -2.38217393400 -1.36802808472 -0.599675488204 0.0677837397561 0.577972844519 0.868052626761 1.04280512638
 -5.01121526406 -3.48396823747 -2.02008970232 -0.992404988976 -0.405177598127 0.0486175102357 0.453107934290 0.817780283594 1.06608477099
 -4.97371291527 -3.35641255537 -1.78726681959 -0.659352356260 -0.153015948277 0.0777132876276 0.344160969420 0.723418008335 1.05166653536
 -4.92857215248 -3.26048891677 -1.59466450437 -0.415953889494 -0.0650120962101 0.0586103901300 0.283025775857 0.663989897601 1.03837431340
 -4.91341996628 -3.26949084647 -1.64102330192 -0.436423135127 -0.0558350260161 0.119239408981 0.325710190290 0.648991409585 1.00925000291
 -4.91707327620 -3.40366294685 -2.02365535706 -0.979599484043 -0.263973555032 0.305218968789 0.564374641569 0.698012623305 0.939529386399
 -4.88539456444 -3.48274578868 -2.22584554200 -1.25952567266 -0.505539491948 0.148500598067 0.573179879792 0.827208903435 1.01009323558
 -4.87701814865 -3.53562702808 -2.34398797964 -1.42509480962 -0.732293366901 -0.0659065994191 0.539454283587 0.922548970227 1.09159478942
 -4.88857817317 -3.54029241507 -2.34157734429 -1.50231179359 -0.875751144657 -0.271055906569 0.404800048013 0.988957946613 1.18726861775
 -4.89651120796 -3.49690943109 -2.12351773131 -1.39884497850 -0.923279571747 -0.321639606856 0.291580235128 0.864192481260 1.32493501679
 -4.94728299787 -3.63323070495 -2.44131500475 -1.56223537628 -0.946845396844 -0.280760433209 0.300151229958 0.839184254757 1.35119556659
 -4.97442478429 -3.68103439857 -2.51878908488 -1.62522383679 -0.982344013633 -0.394465444711 0.200750790944 0.827197576536 1.41894844590
 -5.09497064808 -3.75253066290 -2.46846838734 -1.40697677916 -0.731271425673 -0.162741705717 0.317056255835 0.830003377769 1.29289085403
 -5.10067474876 -3.65746086601 -2.19553440130 -1.25874967389 -0.718759644168 -0.222715023785 0.268213806397 0.796638048924 1.32426047056
 -5.11331795885 -3.66852561127 -2.29368442718 -1.30871911395 -0.700986598575 -0.195036993673 0.307269639609 0.839305204354 1.28205667487
 -5.05556076650 -3.61496104977 -2.27491515936 -1.34374032717 -0.709562515930 -0.199876216510 0.244904855677 0.768042969186 1.35048572503
 -5.04193020288 -3.62568536372 -2.34869674088 -1.39203712420 -0.724658054377 -0.208363208970 0.279846828783 0.827749196842 1.31247389022
# log_sel_spl_fsh[1]:
 0.00000000000 0.00000000000 0.00000000000 0.00000000000
 0.00000000000 0.00000000000 0.00000000000 0.00000000000
 0.00000000000 0.00000000000 0.00000000000 0.00000000000
 0.00000000000 0.00000000000 0.00000000000 0.00000000000
 0.00000000000 0.00000000000 0.00000000000 0.00000000000
 0.00000000000 0.00000000000 0.00000000000 0.00000000000
 0.00000000000 0.00000000000 0.00000000000 0.00000000000
 0.00000000000 0.00000000000 0.00000000000 0.00000000000
 0.00000000000 0.00000000000 0.00000000000 0.00000000000
 0.00000000000 0.00000000000 0.00000000000 0.00000000000
 0.00000000000 0.00000000000 0.00000000000 0.00000000000
 0.00000000000 0.00000000000 0.00000000000 0.00000000000
 0.00000000000 0.00000000000 0.00000000000 0.00000000000
 0.00000000000 0.00000000000 0.00000000000 0.00000000000
 0.00000000000 0.00000000000 0.00000000000 0.00000000000
 0.00000000000 0.00000000000 0.00000000000 0.00000000000
 0.00000000000 0.00000000000 0.00000000000 0.00000000000
 0.00000000000 0.00000000000 0.00000000000 0.00000000000
 0.00000000000 0.00000000000 0.00000000000 0.00000000000
 0.00000000000 0.00000000000 0.00000000000 0.00000000000
 0.00000000000 0.00000000000 0.00000000000 0.00000000000
 0.00000000000 0.00000000000 0.00000000000 0.00000000000
 0.00000000000 0.00000000000 0.00000000000 0.00000000000
 0.00000000000 0.00000000000 0.00000000000 0.00000000000
 0.00000000000 0.00000000000 0.00000000000 0.00000000000
 0.00000000000 0.00000000000 0.00000000000 0.00000000000
 0.00000000000 0.00000000000 0.00000000000 0.00000000000
 0.00000000000 0.00000000000 0.00000000000 0.00000000000
 0.00000000000 0.00000000000 0.00000000000 0.00000000000
 0.00000000000 0.00000000000 0.00000000000 0.00000000000
 0.00000000000 0.00000000000 0.00000000000 0.00000000000
 0.00000000000 0.00000000000 0.00000000000 0.00000000000
 0.00000000000 0.00000000000 0.00000000000 0.00000000000
 0.00000000000 0.00000000000 0.00000000000 0.00000000000
# log_sel_spl_fsh[2]:
 0.00000000000 0.00000000000 0.00000000000 0.00000000000
 0.00000000000 0.00000000000 0.00000000000 0.00000000000
 0.00000000000 0.00000000000 0.00000000000 0.00000000000
 0.00000000000 0.00000000000 0.00000000000 0.00000000000
 0.00000000000 0.00000000000 0.00000000000 0.00000000000
 0.00000000000 0.00000000000 0.00000000000 0.00000000000
 0.00000000000 0.00000000000 0.00000000000 0.00000000000
 0.00000000000 0.00000000000 0.00000000000 0.00000000000
 0.00000000000 0.00000000000 0.00000000000 0.00000000000
 0.00000000000 0.00000000000 0.00000000000 0.00000000000
 0.00000000000 0.00000000000 0.00000000000 0.00000000000
 0.00000000000 0.00000000000 0.00000000000 0.00000000000
 0.00000000000 0.00000000000 0.00000000000 0.00000000000
 0.00000000000 0.00000000000 0.00000000000 0.00000000000
 0.00000000000 0.00000000000 0.00000000000 0.00000000000
 0.00000000000 0.00000000000 0.00000000000 0.00000000000
 0.00000000000 0.00000000000 0.00000000000 0.00000000000
 0.00000000000 0.00000000000 0.00000000000 0.00000000000
 0.00000000000 0.00000000000 0.00000000000 0.00000000000
 0.00000000000 0.00000000000 0.00000000000 0.00000000000
 0.00000000000 0.00000000000 0.00000000000 0.00000000000
 0.00000000000 0.00000000000 0.00000000000 0.00000000000
 0.00000000000 0.00000000000 0.00000000000 0.00000000000
 0.00000000000 0.00000000000 0.00000000000 0.00000000000
 0.00000000000 0.00000000000 0.00000000000 0.00000000000
 0.00000000000 0.00000000000 0.00000000000 0.00000000000
 0.00000000000 0.00000000000 0.00000000000 0.00000000000
 0.00000000000 0.00000000000 0.00000000000 0.00000000000
 0.00000000000 0.00000000000 0.00000000000 0.00000000000
 0.00000000000 0.00000000000 0.00000000000 0.00000000000
 0.00000000000 0.00000000000 0.00000000000 0.00000000000
 0.00000000000 0.00000000000 0.00000000000 0.00000000000
 0.00000000000 0.00000000000 0.00000000000 0.00000000000
 0.00000000000 0.00000000000 0.00000000000 0.00000000000
 0.00000000000 0.00000000000 0.00000000000 0.00000000000
# log_sel_spl_fsh[3]:
 0.00000000000 0.00000000000 0.00000000000 0.00000000000
 0.00000000000 0.00000000000 0.00000000000 0.00000000000
# log_sel_spl_fsh[4]:
 0.00000000000 0.00000000000 0.00000000000 0.00000000000
 0.00000000000 0.00000000000 0.00000000000 0.00000000000
 0.00000000000 0.00000000000 0.00000000000 0.00000000000
 0.00000000000 0.00000000000 0.00000000000 0.00000000000
 0.00000000000 0.00000000000 0.00000000000 0.00000000000
 0.00000000000 0.00000000000 0.00000000000 0.00000000000
 0.00000000000 0.00000000000 0.00000000000 0.00000000000
 0.00000000000 0.00000000000 0.00000000000 0.00000000000
 0.00000000000 0.00000000000 0.00000000000 0.00000000000
 0.00000000000 0.00000000000 0.00000000000 0.00000000000
 0.00000000000 0.00000000000 0.00000000000 0.00000000000
 0.00000000000 0.00000000000 0.00000000000 0.00000000000
 0.00000000000 0.00000000000 0.00000000000 0.00000000000
 0.00000000000 0.00000000000 0.00000000000 0.00000000000
 0.00000000000 0.00000000000 0.00000000000 0.00000000000
 0.00000000000 0.00000000000 0.00000000000 0.00000000000
 0.00000000000 0.00000000000 0.00000000000 0.00000000000
 0.00000000000 0.00000000000 0.00000000000 0.00000000000
 0.00000000000 0.00000000000 0.00000000000 0.00000000000
 0.00000000000 0.00000000000 0.00000000000 0.00000000000
 0.00000000000 0.00000000000 0.00000000000 0.00000000000
 0.00000000000 0.00000000000 0.00000000000 0.00000000000
 0.00000000000 0.00000000000 0.00000000000 0.00000000000
 0.00000000000 0.00000000000 0.00000000000 0.00000000000
 0.00000000000 0.00000000000 0.00000000000 0.00000000000
 0.00000000000 0.00000000000 0.00000000000 0.00000000000
 0.00000000000 0.00000000000 0.00000000000 0.00000000000
 0.00000000000 0.00000000000 0.00000000000 0.00000000000
 0.00000000000 0.00000000000 0.00000000000 0.00000000000
# logsel_slope_fsh[1]:
 0.00000000000 0.00000000000 0.00000000000 0.00000000000 0.00000000000 0.00000000000 0.00000000000 0.00000000000 0.00000000000 0.00000000000 0.00000000000 0.00000000000 0.00000000000 0.00000000000 0.00000000000 0.00000000000 0.00000000000 0.00000000000 0.00000000000 0.00000000000 0.00000000000 0.00000000000 0.00000000000 0.00000000000 0.00000000000 0.00000000000 0.00000000000 0.00000000000 0.00000000000 0.00000000000 0.00000000000 0.00000000000 0.00000000000 0.00000000000
# logsel_slope_fsh[2]:
 0.00000000000 0.00000000000 0.00000000000 0.00000000000 0.00000000000 0.00000000000 0.00000000000 0.00000000000 0.00000000000 0.00000000000 0.00000000000 0.00000000000 0.00000000000 0.00000000000 0.00000000000 0.00000000000 0.00000000000 0.00000000000 0.00000000000 0.00000000000 0.00000000000 0.00000000000 0.00000000000 0.00000000000 0.00000000000 0.00000000000 0.00000000000 0.00000000000 0.00000000000 0.00000000000 0.00000000000 0.00000000000 0.00000000000 0.00000000000 0.00000000000
# logsel_slope_fsh[3]:
 0.00000000000 0.00000000000
# logsel_slope_fsh[4]:
 0.00000000000 0.00000000000 0.00000000000 0.00000000000 0.00000000000 0.00000000000 0.00000000000 0.00000000000 0.00000000000 0.00000000000 0.00000000000 0.00000000000 0.00000000000 0.00000000000 0.00000000000 0.00000000000 0.00000000000 0.00000000000 0.00000000000 0.00000000000 0.00000000000 0.00000000000 0.00000000000 0.00000000000 0.00000000000 0.00000000000 0.00000000000 0.00000000000 0.00000000000
# sel50_fsh[1]:
 0.00000000000 0.00000000000 0.00000000000 0.00000000000 0.00000000000 0.00000000000 0.00000000000 0.00000000000 0.00000000000 0.00000000000 0.00000000000 0.00000000000 0.00000000000 0.00000000000 0.00000000000 0.00000000000 0.00000000000 0.00000000000 0.00000000000 0.00000000000 0.00000000000 0.00000000000 0.00000000000 0.00000000000 0.00000000000 0.00000000000 0.00000000000 0.00000000000 0.00000000000 0.00000000000 0.00000000000 0.00000000000 0.00000000000 0.00000000000
# sel50_fsh[2]:
 0.00000000000 0.00000000000 0.00000000000 0.00000000000 0.00000000000 0.00000000000 0.00000000000 0.00000000000 0.00000000000 0.00000000000 0.00000000000 0.00000000000 0.00000000000 0.00000000000 0.00000000000 0.00000000000 0.00000000000 0.00000000000 0.00000000000 0.00000000000 0.00000000000 0.00000000000 0.00000000000 0.00000000000 0.00000000000 0.00000000000 0.00000000000 0.00000000000 0.00000000000 0.00000000000 0.00000000000 0.00000000000 0.00000000000 0.00000000000 0.00000000000
# sel50_fsh[3]:
 0.00000000000 0.00000000000
# sel50_fsh[4]:
 0.00000000000 0.00000000000 0.00000000000 0.00000000000 0.00000000000 0.00000000000 0.00000000000 0.00000000000 0.00000000000 0.00000000000 0.00000000000 0.00000000000 0.00000000000 0.00000000000 0.00000000000 0.00000000000 0.00000000000 0.00000000000 0.00000000000 0.00000000000 0.00000000000 0.00000000000 0.00000000000 0.00000000000 0.00000000000 0.00000000000 0.00000000000 0.00000000000 0.00000000000
# logsel_p1_fsh[1]:
 0.00000000000 0.00000000000 0.00000000000 0.00000000000 0.00000000000 0.00000000000 0.00000000000 0.00000000000 0.00000000000 0.00000000000 0.00000000000 0.00000000000 0.00000000000 0.00000000000 0.00000000000 0.00000000000 0.00000000000 0.00000000000 0.00000000000 0.00000000000 0.00000000000 0.00000000000 0.00000000000 0.00000000000 0.00000000000 0.00000000000 0.00000000000 0.00000000000 0.00000000000 0.00000000000 0.00000000000 0.00000000000 0.00000000000 0.00000000000
# logsel_p1_fsh[2]:
 0.00000000000 0.00000000000 0.00000000000 0.00000000000 0.00000000000 0.00000000000 0.00000000000 0.00000000000 0.00000000000 0.00000000000 0.00000000000 0.00000000000 0.00000000000 0.00000000000 0.00000000000 0.00000000000 0.00000000000 0.00000000000 0.00000000000 0.00000000000 0.00000000000 0.00000000000 0.00000000000 0.00000000000 0.00000000000 0.00000000000 0.00000000000 0.00000000000 0.00000000000 0.00000000000 0.00000000000 0.00000000000 0.00000000000 0.00000000000 0.00000000000
# logsel_p1_fsh[3]:
 0.00000000000 0.00000000000
# logsel_p1_fsh[4]:
 0.00000000000 0.00000000000 0.00000000000 0.00000000000 0.00000000000 0.00000000000 0.00000000000 0.00000000000 0.00000000000 0.00000000000 0.00000000000 0.00000000000 0.00000000000 0.00000000000 0.00000000000 0.00000000000 0.00000000000 0.00000000000 0.00000000000 0.00000000000 0.00000000000 0.00000000000 0.00000000000 0.00000000000 0.00000000000 0.00000000000 0.00000000000 0.00000000000 0.00000000000
# sel_p2_fsh[1]:
 0.00000000000 0.00000000000 0.00000000000 0.00000000000 0.00000000000 0.00000000000 0.00000000000 0.00000000000 0.00000000000 0.00000000000 0.00000000000 0.00000000000 0.00000000000 0.00000000000 0.00000000000 0.00000000000 0.00000000000 0.00000000000 0.00000000000 0.00000000000 0.00000000000 0.00000000000 0.00000000000 0.00000000000 0.00000000000 0.00000000000 0.00000000000 0.00000000000 0.00000000000 0.00000000000 0.00000000000 0.00000000000 0.00000000000 0.00000000000
# sel_p2_fsh[2]:
 0.00000000000 0.00000000000 0.00000000000 0.00000000000 0.00000000000 0.00000000000 0.00000000000 0.00000000000 0.00000000000 0.00000000000 0.00000000000 0.00000000000 0.00000000000 0.00000000000 0.00000000000 0.00000000000 0.00000000000 0.00000000000 0.00000000000 0.00000000000 0.00000000000 0.00000000000 0.00000000000 0.00000000000 0.00000000000 0.00000000000 0.00000000000 0.00000000000 0.00000000000 0.00000000000 0.00000000000 0.00000000000 0.00000000000 0.00000000000 0.00000000000
# sel_p2_fsh[3]:
 0.00000000000 0.00000000000
# sel_p2_fsh[4]:
 0.00000000000 0.00000000000 0.00000000000 0.00000000000 0.00000000000 0.00000000000 0.00000000000 0.00000000000 0.00000000000 0.00000000000 0.00000000000 0.00000000000 0.00000000000 0.00000000000 0.00000000000 0.00000000000 0.00000000000 0.00000000000 0.00000000000 0.00000000000 0.00000000000 0.00000000000 0.00000000000 0.00000000000 0.00000000000 0.00000000000 0.00000000000 0.00000000000 0.00000000000
# logsel_p3_fsh[1]:
 0.00000000000 0.00000000000 0.00000000000 0.00000000000 0.00000000000 0.00000000000 0.00000000000 0.00000000000 0.00000000000 0.00000000000 0.00000000000 0.00000000000 0.00000000000 0.00000000000 0.00000000000 0.00000000000 0.00000000000 0.00000000000 0.00000000000 0.00000000000 0.00000000000 0.00000000000 0.00000000000 0.00000000000 0.00000000000 0.00000000000 0.00000000000 0.00000000000 0.00000000000 0.00000000000 0.00000000000 0.00000000000 0.00000000000 0.00000000000
# logsel_p3_fsh[2]:
 0.00000000000 0.00000000000 0.00000000000 0.00000000000 0.00000000000 0.00000000000 0.00000000000 0.00000000000 0.00000000000 0.00000000000 0.00000000000 0.00000000000 0.00000000000 0.00000000000 0.00000000000 0.00000000000 0.00000000000 0.00000000000 0.00000000000 0.00000000000 0.00000000000 0.00000000000 0.00000000000 0.00000000000 0.00000000000 0.00000000000 0.00000000000 0.00000000000 0.00000000000 0.00000000000 0.00000000000 0.00000000000 0.00000000000 0.00000000000 0.00000000000
# logsel_p3_fsh[3]:
 0.00000000000 0.00000000000
# logsel_p3_fsh[4]:
 0.00000000000 0.00000000000 0.00000000000 0.00000000000 0.00000000000 0.00000000000 0.00000000000 0.00000000000 0.00000000000 0.00000000000 0.00000000000 0.00000000000 0.00000000000 0.00000000000 0.00000000000 0.00000000000 0.00000000000 0.00000000000 0.00000000000 0.00000000000 0.00000000000 0.00000000000 0.00000000000 0.00000000000 0.00000000000 0.00000000000 0.00000000000 0.00000000000 0.00000000000
# rec_dev_future:
 0.00000000000 0.00000000000 0.00000000000 0.00000000000 0.00000000000 0.00000000000 0.00000000000 0.00000000000 0.00000000000 0.00000000000 0.00000000000 0.00000000000 0.00000000000 0.00000000000 0.00000000000 0.00000000000 0.00000000000 0.00000000000 0.00000000000 0.00000000000
 0.00000000000 0.00000000000 0.00000000000 0.00000000000 0.00000000000 0.00000000000 0.00000000000 0.00000000000 0.00000000000 0.00000000000 0.00000000000 0.00000000000 0.00000000000 0.00000000000 0.00000000000 0.00000000000 0.00000000000 0.00000000000 0.00000000000 0.00000000000
# log_q_ind[1]:
-0.0433502859726
# log_q_ind[2]:
-3.26922363079
# log_q_ind[3]:
-9.55758306184
# log_q_ind[4]:
-0.773327377522
# log_q_ind[5]:
-4.02202709019
# log_q_ind[6]:
-6.36732349649
# log_q_ind[7]:
-0.806008291831
# log_q_power_ind[1]:
0.00000000000
# log_q_power_ind[2]:
0.00000000000
# log_q_power_ind[3]:
0.00000000000
# log_q_power_ind[4]:
0.00000000000
# log_q_power_ind[5]:
0.00000000000
# log_q_power_ind[6]:
0.00000000000
# log_q_power_ind[7]:
0.00000000000
# log_rw_q_ind[1]:
 -1.21217655167
# log_rw_q_ind[3]:
 -0.282464709293
# log_selcoffs_ind[1]:
 -3.29117827178 -2.16359040684 -1.08512239167 -0.245281488939 0.228326970481 0.434598706696 0.451906371957 0.402450573810 0.363390374504 0.351858421516
 -3.27405426995 -2.33138899620 -1.41270336015 -0.570585570831 0.0901873309052 0.461600389502 0.559637243311 0.497882234544 0.416617074311 0.380643045628
# log_selcoffs_ind[2]:
 -0.556417303125 -0.0423618708619 0.279829734893 0.374507657424 0.219433346200 0.0183669719690 -0.110831964469 -0.156787650001 -0.170230965122 -0.181898496240
 -0.0841191085201 0.0991273706441 0.187902428693 0.249910615248 0.210543879386 0.0742493071385 -0.0929980224249 -0.225974801670 -0.299382935133 -0.322671940920
 0.283474914163 0.233824273865 0.200243173671 0.165399843431 0.0889300060060 -0.0332899309133 -0.168825354398 -0.289578254692 -0.372038587842 -0.408792837289
# log_selcoffs_ind[3]:
 -0.202940821038 0.0202027052767 0.0202027052767 0.0202027052767 0.0202027052767 0.0202027052767 0.0202027052767 0.0202027052767 0.0202027052767 0.0202027052767
# log_selcoffs_ind[4]:
 -2.43159434024 -1.43620741591 -0.588630771859 -0.0728768339588 0.109598141859 0.198050218003 0.276709034631 0.355506036183 0.420411286201 0.461434058525
 -3.06088604274 -2.19707374158 -1.35481715388 -0.639607825920 -0.124390145921 0.227678297032 0.456131569124 0.575869100795 0.588789103608 0.564959634668
# log_selcoffs_ind[5]:
 -3.04452005677 -0.669616569639 0.101782682789 0.174353368097 0.174353368097 0.174353368097 0.174353368097 0.174353368097 0.174353368097 0.174353368097
# log_selcoffs_ind[6]:
 -3.04452005677 -0.669616569639 0.101782682789 0.174353368097 0.174353368097 0.174353368097 0.174353368097 0.174353368097 0.174353368097 0.174353368097
# log_selcoffs_ind[7]:
 -3.04452005677 -0.669616569639 0.101782682789 0.174353368097 0.174353368097 0.174353368097 0.174353368097 0.174353368097 0.174353368097 0.174353368097
# logsel_slope_ind[1]:
 0.00000000000 0.00000000000
# logsel_slope_ind[2]:
 0.00000000000 0.00000000000 0.00000000000
# logsel_slope_ind[3]:
 0.00000000000
# logsel_slope_ind[4]:
 0.00000000000 0.00000000000
# logsel_slope_ind[5]:
 0.00000000000
# logsel_slope_ind[6]:
 0.00000000000
# logsel_slope_ind[7]:
 0.00000000000
# sel50_ind[1]:
 0.00000000000 0.00000000000
# sel50_ind[2]:
 0.00000000000 0.00000000000 0.00000000000
# sel50_ind[3]:
 0.00000000000
# sel50_ind[4]:
 0.00000000000 0.00000000000
# sel50_ind[5]:
 0.00000000000
# sel50_ind[6]:
 0.00000000000
# sel50_ind[7]:
 0.00000000000
# logsel_p1_ind[1]:
 0.00000000000 0.00000000000
# logsel_p1_ind[2]:
 0.00000000000 0.00000000000 0.00000000000
# logsel_p1_ind[3]:
 0.00000000000
# logsel_p1_ind[4]:
 0.00000000000 0.00000000000
# logsel_p1_ind[5]:
 0.00000000000
# logsel_p1_ind[6]:
 0.00000000000
# logsel_p1_ind[7]:
 0.00000000000
# sel_p2_ind[1]:
 0.00000000000 0.00000000000
# sel_p2_ind[2]:
 0.00000000000 0.00000000000 0.00000000000
# sel_p2_ind[3]:
 0.00000000000
# sel_p2_ind[4]:
 0.00000000000 0.00000000000
# sel_p2_ind[5]:
 0.00000000000
# sel_p2_ind[6]:
 0.00000000000
# sel_p2_ind[7]:
 0.00000000000
# logsel_p3_ind[1]:
 0.00000000000 0.00000000000
# logsel_p3_ind[2]:
 0.00000000000 0.00000000000 0.00000000000
# logsel_p3_ind[3]:
 0.00000000000
# logsel_p3_ind[4]:
 0.00000000000 0.00000000000
# logsel_p3_ind[5]:
 0.00000000000
# logsel_p3_ind[6]:
 0.00000000000
# logsel_p3_ind[7]:
 0.00000000000
