# Number of parameters = 1322 Objective function value = 1115.20344919316  Maximum gradient component = 0.0878564706773287
# Mest[1]:
0.230000000000
# Mest[2]:
0.330000000000
# log_Linf[1]:
4.30945594184
# log_Linf[2]:
4.38701417618
# log_k[1]:
-1.83258146375
# log_k[2]:
-1.83258146375
# log_Lo[1]:
2.89037175790
# log_Lo[2]:
2.89037175790
# log_sdage[1]:
-2.40794560865
# log_sdage[2]:
-2.40794560865
# mean_log_rec[1]:
9.50611870388
# mean_log_rec[2]:
8.25346550522
# mean_log_rec[3]:
7.41533581496
# steepness[1]:
0.650000000000
# steepness[2]:
0.650000000000
# steepness[3]:
0.650000000000
# log_Rzero[1]:
9.10358691200
# log_Rzero[2]:
8.30346641804
# log_Rzero[3]:
7.41517880926
# rec_dev:
 -0.433381761957 -0.505574271733 -0.584022382396 -0.669645100323 -0.759918374090 -0.850900045483 -0.816700680746 -0.819860024367 -0.664018484024 -0.598668076422 -0.508502140465 -0.341134404661 -0.379411595913 -0.335098671914 -0.276044186908 -0.0914684100503 0.205372676238 0.401767655990 0.392832716053 0.348137458634 0.399988242552 0.519088021477 0.735020866099 0.732489108441 0.680793161432 1.33239493474 1.53153109519 0.708816629944 0.128383302412 0.328528553504 0.642009761055 0.776216185813 0.540614274602 0.312694290857 0.227264179179 0.300479911432 0.335691689387 0.487002591704 0.666341554412 0.566846886341 0.705560608144 0.684320849443 0.480797457303 -0.157278933020 -0.480530492491 -0.765436632086 -1.48415100414 -1.00394023917 -0.772544182269 -0.807252332538 -0.727292879186 -0.727275538211 -0.656457614997 -0.0808289710765 0.100672646258 -0.401704106675 -0.120458429779 0.161334647420
 -0.000350624712770 -0.000461769628373 -0.000593057139088 -0.000740006112672 -0.000889926951629 -0.00101531169703 -0.00106441746212 -0.000929096403377 -0.000764362325636 -0.000301349982411 0.000487143033832 0.0266853687177 0.0268412819122 0.0267432154691 0.0259304955498 0.0214193659097 0.0112805987343 -0.00404369922600 -0.0592050950274 0.342706606879 -0.0261784656674 -0.150514961694 -0.0450973082179 0.373854068151 -0.0727100872379 -0.285333093770 -0.566578348218 -0.0807257968721 0.352656323516 0.878468834042 0.235919288890 0.194312628029 -0.505764672833 -0.0270447882080 -0.428184527293 -0.619205134489 0.0754118576329 0.196253660157 0.118673413514 -0.0909199570117 0.809486587776 1.43807217360 -0.138905089836 0.835737531580 -0.570586231915 -0.00211460510445 0.869459189500 0.175443293492 -1.07767337640 -1.80105938276 -0.244942053217 1.04213283856 -0.491923769671 -0.0509500813170 -1.38727516318 -0.179900218583 0.00932556888966 -0.0804464548376
# log_sigmar[1]:
-0.510825623766
# log_sigmar[2]:
-0.510825623766
# log_sigmar[3]:
-0.510825623766
# fmort:
 0.0115465755958 0.0169510650625 0.00767560929196 0.00968926786082 0.0186369515310 0.0228969021758 0.0277383653856 0.0239118539808 0.0466788993102 0.0387651977120 0.0262806770277 0.0382866936999 0.0734282785944 0.0284970456122 0.0670956587634 0.0448534566404 0.00437425062022 0.0200650562269 0.0165021895398 0.0146529896334 0.0139015387054 0.0184854071015 0.0201358000994 0.0224596703320 0.0148989663880 0.0200194032562 0.0339622252110 0.0133103118730 0.00379235711495 0.00624110290893 0.0100330756489 0.0206641426358 0.00881102993237 0.0122943455773 0.0136018608020 0.0223445996890 0.0282465960696 0.0424643728300 0.0576000065954 0.0538447209011 0.0686543570416 0.0116063091971 0.00441324009575 0.00485628128260 0.00496410695290 0.00579529492972 0.00404865860323
 0.00145542586907 0.00223061659854 0.00340045422018 0.00561843886552 0.00402508766848 0.00724410902121 0.00935728202000 0.0136419010567 0.0219860205723 0.0271459127130 0.0245360795709 0.0486809797191 0.0669113623697 0.0545646621247 0.0735108567178 0.104089891550 0.116316018026 0.156129809368 0.216719394730 0.226482115663 0.227626068779 0.286372961421 0.375299372131 0.356663198034 0.476295450684 0.635338695488 0.618868758685 0.623684343082 0.369034608104 0.240704438495 0.182926220394 0.215651027453 0.213198774522 0.196629429862 0.191987509894 0.192175001329 0.203458513610 0.248283637237 0.220802793882 0.312733375584 0.195176436922 0.138959577857 0.107107798961 0.0809520562801 0.0778470688481 0.0748141376286 0.0725457790355
 0.000636231050135 0.00124068942694 0.00307220341127 0.00659014020480 0.0211239499540 0.00656792656793 0.00839690735016 0.116135534523 0.123162396779 0.101191164164 0.102126992164 0.140309973142 0.0450676355743 0.0260392084593 0.0296586973796 0.0213985253457 0.0116511473787 0.0132141197932 0.0516381808288 0.0427547023807 0.0372597526548 0.0305268338181 0.0181227181248 0.0311370148916 0.0518912156338 0.247482462879 0.429004809815 0.799810685973 0.713196038625 0.200965605460 0.143976464270 0.474810135238 0.0670643950905 0.0899880288833 0.0723642799583 0.0468974672289 0.124556322289 0.103811937441 0.112863670366 0.133824121045 0.0346157809030 0.174268231886 0.0793041555132 0.0488239642073 0.0507816170554 0.0201196172337 0.00809798876825
 2.09277040142e-13 2.21211937657e-13 0.000568726634202 2.37032615757e-13 2.38420394538e-13 2.42306175124e-13 3.54779952666e-06 0.000239840785591 0.00499496995692 0.0308525849040 0.0273226917154 0.0344331454970 0.0769090050621 0.0906065706849 0.120043188088 0.0965841900437 0.0912515090583 0.0946250711327 0.0973297365155 0.0804779847643 0.0660575784597 0.0417275138356 0.00356952216083 2.29816166097e-13 2.56739074445e-13 3.71092045981e-13 4.67403893367e-13 7.13873404834e-13 7.84372566898e-13 3.57789265437e-06 0.000656240488530 0.00462123223512 0.0140704657143 0.0271391960626 0.0474414343151 0.0401152233676 0.0605229155582 0.0930901936874 0.121425896867 0.171122653609 0.177489104839 0.0498592964015 0.0333511912096 0.0316962320302 0.0312786209880 0.0342852593128 0.0169661397995
# log_selcoffs_fsh[1]:
 -4.82418690343 -3.67257402187 -2.43312404527 -1.21560764544 -0.277503128996 0.512633012476 1.08545321806 0.889124775479 -0.272953383340
 -4.51488813792 -3.27343634995 -1.95778065213 -0.810473255991 -0.163961941699 0.460742560434 0.949516175836 0.799012860440 0.116476537424
 -4.18050055074 -2.92872481145 -1.70455250575 -0.680602152135 0.00141047452263 0.537509669856 0.825110330639 0.663519743597 0.267107720506
 -3.78038551065 -2.43916819586 -1.31515678564 -0.516136834076 -0.0385091533129 0.397989352321 0.763743243598 0.680872673090 0.372770566946
 -3.55880884708 -2.12451865044 -0.759835843923 -0.00656181239273 0.213958228654 0.343343440987 0.489871689468 0.490649558850 0.390098751237
 -3.39143929803 -2.03445866777 -0.778509130776 0.0938656680193 0.485778210486 0.469420789649 0.360507343125 0.291810909905 0.247385419512
 -3.23018825429 -1.94568230818 -0.870873751143 -0.0599185793155 0.558494279572 0.679298767334 0.390225911990 0.163076886289 0.0789581910194
 -3.06555035128 -1.75524384130 -0.771143679223 -0.00322038517984 0.598403608021 0.711768863708 0.356115055922 0.0766014797950 -0.0438996487873
 -2.93682005019 -1.62041521452 -0.443828329968 0.205425205017 0.525591212620 0.588239957623 0.379007229638 0.0485286071084 -0.131598406389
 -2.77729282804 -1.35504788240 -0.175771479552 0.226994972223 0.529474937109 0.582958978919 0.295351484513 -0.0496981084378 -0.220972952136
 -2.61635518355 -0.985633164336 0.459479102855 0.450604132725 0.330210969093 0.285710877673 0.0773304798923 -0.162463352371 -0.289278190021
 -2.44593733212 -0.727496296772 0.442682230644 0.482015739995 0.441160365881 0.235130110515 -0.0455555482304 -0.252379674684 -0.353785280741
 -2.33196404105 -0.662749538260 0.474339809554 0.697757423043 0.403530027390 0.0870126445266 -0.188681441425 -0.354896249012 -0.424707249634
 -2.24277881286 -0.698973719705 0.482237142563 0.833559525655 0.396692322489 -0.0154732785654 -0.291164984993 -0.437747145116 -0.492452256454
 -2.36988790286 -0.835081035743 0.625243619970 0.869019406649 0.345934863700 -0.0705079183345 -0.349356245118 -0.506111246970 -0.568827851424
 -2.32159821456 -0.821416400266 0.667171413433 0.793911707358 0.396680009102 -0.0234475289996 -0.347012911785 -0.531151891125 -0.610836518493
 -2.11584034064 -0.595495360178 0.777605028964 0.715983148713 0.307591038758 -0.0607014110561 -0.359304771927 -0.547732447353 -0.638550433963
 -1.76859907271 -0.294965211014 0.566050415726 0.767278628200 0.377053215609 -0.0640793948594 -0.377473504310 -0.563779322110 -0.655622155200
 -1.64575146513 -0.272822704884 0.839414482749 0.722752679930 0.182885394793 -0.195464131243 -0.463257695392 -0.633118180407 -0.718457560414
 -1.39959944828 -0.157586757485 0.818836694287 0.708238165305 0.216185387505 -0.224744059102 -0.520584323237 -0.690068489310 -0.765583418151
 -1.32902022068 -0.0266267716657 0.879673166703 0.706673697290 0.140588519137 -0.310063748681 -0.611476261306 -0.771956138942 -0.831992161826
 -1.28383364493 -0.106538157800 0.705218615611 0.931168391947 0.249519856037 -0.397478938423 -0.731008211478 -0.868037387483 -0.902128138428
 -1.22388079776 0.150367576404 0.917226240935 0.759790004945 0.0750778234752 -0.493699353145 -0.818802884316 -0.941472192412 -0.956747839083
 -1.38937415546 -0.0646993279819 0.892934832323 0.974282594718 0.0214531914491 -0.581254909956 -0.890413389327 -1.00483864284 -1.00951458576
 -1.56665866742 -0.145357093996 0.913890537755 0.953149298615 0.0931596925430 -0.525037541551 -0.867083893902 -1.00252102043 -1.01507760533
 -1.56889110312 0.0535744549471 0.719537749715 0.866605282227 0.265545424161 -0.300446357639 -0.742111526172 -0.926744828331 -0.947250915975
 -1.60070627892 -0.296147920665 0.535524454795 0.964944991624 0.362036546525 -0.147153994902 -0.595196904687 -0.810214089306 -0.853428476628
 -1.44980157279 0.0504245083060 0.368544996809 0.770285543292 0.394969788044 -0.0538252686160 -0.431484053253 -0.639279608125 -0.696153488964
 -1.29073034919 0.274697979906 0.533082769853 0.490168084848 0.199326806961 -0.0774024947084 -0.321905707044 -0.478857335346 -0.541846496914
 -1.37090144454 -0.0928496505626 0.412734448057 0.754121081514 0.186500124913 -0.128735427056 -0.272785073210 -0.363944883563 -0.419024227514
 -1.24376980597 0.317902701322 0.445078391484 0.246936817935 0.0495257426450 -0.0512355406327 -0.119227321024 -0.189580078916 -0.247165536442
 -1.13593223453 0.315745620224 0.0324376147930 0.0788762256092 0.109505239680 0.116202209604 0.0689785793457 -0.0207689249751 -0.102311017777
 -1.43458712806 -0.713513052047 -0.268342254746 0.281480887907 0.326058259254 0.372198539586 0.263453114409 0.0909968321115 -0.0523142353439
# log_selcoffs_fsh[2]:
 -6.47493796236 -5.02540907265 -3.57033293910 -1.95766985980 -0.574396949177 0.329961621696 0.988456126682 1.13354923747 0.514777982293 -0.912338779245
 -6.38917478518 -4.94722772040 -3.45443147021 -2.03906745326 -0.869032140226 0.193475738474 0.980482660952 1.16770346812 0.527620370188 -0.475770287292
 -6.26675645029 -4.88433214772 -3.48574795098 -2.12805371640 -1.01110728294 0.0489024400511 0.925837086125 1.15251615185 0.615089461091 -0.119964144959
 -6.10115870736 -4.74999239649 -3.46110463163 -2.22062580659 -1.14057451194 -0.175463448339 0.769280263598 1.14504312956 0.766384730647 0.213260424950
 -5.93417718387 -4.51544042447 -3.23951038008 -2.20249418138 -1.31078118672 -0.390413302676 0.592941871765 1.08276454006 0.889930095236 0.526633747389
 -5.77657578117 -4.43549795234 -3.13994904572 -1.95659577951 -1.13547791280 -0.518436180274 0.276861077545 0.895955462208 1.00907498952 0.863728164603
 -5.63513306336 -4.36672896112 -3.15829180558 -2.07364842042 -1.14572417340 -0.401420470266 0.170578052557 0.672164755501 0.982271274648 1.10299370205
 -5.52313265160 -4.29804968747 -3.14971651054 -2.14384890160 -1.27346160897 -0.565732937929 0.106607988792 0.588798232033 0.956517748416 1.24057535064
 -5.44952189173 -4.21619864408 -3.05820633131 -2.10346424217 -1.34987586890 -0.673252585841 0.0189063318570 0.608737389418 0.957911162350 1.27513392692
 -5.36482594740 -4.09630377810 -2.91158408102 -1.91439838290 -1.14631208795 -0.579390128661 -0.110232882852 0.474515806344 0.948104324032 1.33897920059
 -5.31261727194 -3.93985686132 -2.62909213545 -1.54742496257 -0.839447640987 -0.325923527513 0.0606552692179 0.371092323595 0.794363230610 1.33815153937
 -5.33135778929 -3.82633363409 -2.40994560555 -1.22300321475 -0.615205356961 -0.192314419385 0.121115930922 0.437937986306 0.851864782346 1.16357334710
 -5.36082157703 -3.68212419712 -2.07051507888 -0.795343581587 -0.255044992956 0.0967421446118 0.270507863934 0.446565014762 0.723191327073 0.948395592058
 -5.38625824221 -3.50038276275 -1.70274454476 -0.519023141479 0.108102926893 0.295380617564 0.343172091884 0.422402208576 0.573169234480 0.703709812117
 -5.36927880018 -3.29051878216 -1.32548298723 -0.0628975039432 0.366643380880 0.348776133662 0.234439789834 0.272320990006 0.440201643539 0.566988256106
 -5.31452515066 -3.09108871410 -1.02077724273 0.0975698104574 0.346849373078 0.306677077505 0.204437330494 0.230818778114 0.395573098579 0.554814862275
 -5.27993420620 -3.03045012157 -0.914791268699 0.0637656432698 0.325624961666 0.310792190767 0.200793262109 0.210822790705 0.385664971071 0.589513817754
 -5.25880403902 -3.20704302297 -1.27954316214 0.00274565319705 0.402273950568 0.378406798896 0.214829087408 0.196729540421 0.377489695488 0.589201136381
 -5.23206144107 -3.34664084324 -1.57358809852 -0.254393110127 0.452304301838 0.450302163849 0.235497133380 0.201059174388 0.391243296916 0.625402745866
 -5.17320065476 -3.39577605166 -1.70113957668 -0.416588418569 0.242644071710 0.379318002839 0.240458619225 0.238941761428 0.490180412984 0.792449984382
 -5.15443964394 -3.48164916631 -1.90895191562 -0.624719569803 0.137343467591 0.388433500977 0.289128509108 0.245302454584 0.509477281864 0.867201040958
 -5.17741293331 -3.58108229960 -2.08324550481 -0.892237165438 -0.0435515917936 0.424465332381 0.398100143416 0.315844309578 0.533448902523 0.867470399817
 -5.22194026947 -3.67284749337 -2.26672285618 -1.11090862544 -0.257451948000 0.421097322226 0.459442832031 0.399724812575 0.583723141101 0.863872812053
 -5.31593734054 -3.76191635067 -2.33046020221 -1.16196856550 -0.416599772416 0.199180812279 0.522268918893 0.512178876813 0.672622364390 0.862003290749
 -5.41452611709 -3.83682611940 -2.30876705356 -0.977330553274 -0.295718008428 -0.000976022228229 0.337441519028 0.562162301152 0.726249160330 0.929062947037
 -5.54101090540 -3.92914259202 -2.43159692954 -1.12624065162 -0.305429659912 0.221136325104 0.350043914605 0.487925177074 0.700952900743 0.922763795204
 -5.75725943092 -4.13114136241 -2.50388670578 -1.08783252659 -0.247882360865 0.367183073886 0.510089794628 0.494123698844 0.619969886564 0.776833249054
 -5.93898651058 -4.30552443202 -2.59433830276 -0.891739008715 -0.0680155606340 0.446697099975 0.510650742380 0.428270457861 0.602281157196 0.680361283528
 -6.10099155159 -4.47442544692 -2.83553388566 -1.25962438694 -0.264248701638 0.662707908996 0.685973209124 0.440641247320 0.552125146438 0.506664931748
 -6.24565170944 -4.58884068336 -2.93249008685 -1.30427162717 0.0434440979062 0.770322445241 0.775690488567 0.447267000724 0.325571218376 0.290767190936
 -6.27423043207 -4.55865116921 -2.78059650958 -1.04295230781 0.0976810460177 0.651292023242 0.645113978183 0.424173996490 0.393852118662 0.491877483729
 -6.21583620629 -4.43628413220 -2.61439882773 -0.925539392323 0.0883099213701 0.337704053192 0.409924163716 0.372683964145 0.553407876909 0.843755445815
 -6.16181075096 -4.29062372115 -2.37697149156 -0.773592778670 -0.198406972115 0.0531632707882 0.239642536947 0.384744718584 0.652075611185 1.06326782929
 -6.19171677332 -4.30628435783 -2.46371932221 -0.984566459919 -0.207705830653 0.234246518712 0.337209887223 0.405004266123 0.632633053990 0.980746588352
# log_selcoffs_fsh[3]:
 -2.47331442754 0.207406612528 1.46938467390 0.145773039941 -1.92238758771 -3.66200388289 -4.62736029642
 -2.55298632821 0.732417534404 1.27977108448 0.0839587374077 -2.08344950162 -3.71283324769 -4.63161212068
# log_selcoffs_fsh[4]:
 -5.96045731174 -4.81186552707 -3.64180839915 -2.41482130189 -1.13873413362 0.0609421459710 0.929774569147 1.12743820516 0.625384667156
 -5.94891782476 -4.79241913095 -3.60743466955 -2.32914458580 -1.00493907278 0.156318206227 0.938053532569 1.06471293648 0.628247858954
 -5.91614564261 -4.75548873265 -3.57347645654 -2.32605628491 -1.02523954452 0.138934842173 0.923297989142 1.06942836563 0.654358997973
 -5.85339540468 -4.68015579513 -3.50620523114 -2.30518414478 -1.06073034872 0.0751945494394 0.881785221302 1.08271996175 0.725564602422
 -5.78658952993 -4.58451673114 -3.39602200403 -2.22678161801 -1.02727970790 0.0837009955160 0.846673042225 1.05574580137 0.785755778425
 -5.71856716019 -4.52909375285 -3.32694802312 -2.13132228894 -1.01317373975 0.0166094673205 0.801502972773 1.06961685677 0.836545209166
 -5.63005294040 -4.45857733364 -3.26450171263 -2.04302425430 -0.933370265788 0.0347860094421 0.772931899129 1.03193861635 0.882008728587
 -5.51126824825 -4.33641057527 -3.18924792798 -2.01159828559 -0.895056216620 0.0166028768051 0.727091239963 1.02727363922 0.924290243054
 -5.38923996223 -4.16530338647 -3.05441260061 -2.02176515196 -0.983767727781 -0.0166651618495 0.716625499817 1.01819569649 0.965940441949
 -5.27464108916 -4.04048744602 -2.87197781352 -1.82618975689 -0.918204745077 -0.0633821204094 0.632546632387 0.996988382489 1.04004792970
 -5.18958190964 -3.93352478082 -2.74847009098 -1.69149480949 -0.771179849789 -0.00609937552478 0.586486682266 0.935369239754 1.07308229815
 -5.13570531776 -3.82645718317 -2.61203916940 -1.56904333052 -0.673107417641 0.0683164556560 0.578110739001 0.890081100353 1.06190744836
 -5.09782218201 -3.69056691551 -2.39850279235 -1.37719981396 -0.605588515610 0.0636203354973 0.575507940420 0.868835667556 1.04808590142
 -5.06177461926 -3.51705846429 -2.03960375046 -1.00481376155 -0.414666706225 0.0413589215582 0.449336399499 0.819815428566 1.07419897322
 -5.03280760924 -3.39595612323 -1.81118286123 -0.675181532871 -0.165619250064 0.0678156447635 0.339238819591 0.726862128089 1.06383150083
 -4.99799051449 -3.30890273372 -1.62497023543 -0.435857737874 -0.0805866271994 0.0464722363984 0.276955987324 0.668702710207 1.05504660733
 -4.99404651275 -3.32989135739 -1.68149006979 -0.462424508824 -0.0744887427495 0.105500159958 0.318705874442 0.654549566638 1.03050009901
 -5.00947721088 -3.47891278273 -2.08066391087 -1.01949937828 -0.290319333396 0.288885048133 0.556581075893 0.704441055301 0.965646743493
 -4.98742983372 -3.57203493703 -2.29998919627 -1.31575608008 -0.544808790535 0.122997969801 0.559303924658 0.831598410730 1.04354709326
 -4.98302121030 -3.63527330100 -2.43221899959 -1.49654408484 -0.785050032773 -0.103080642235 0.512067773019 0.914188066037 1.14211470472
 -5.00699500674 -3.66277231548 -2.45946000128 -1.60362461079 -0.954143333040 -0.324559402256 0.374735756839 0.987248237599 1.23389079017
 -5.01962063663 -3.63729587514 -2.27201203441 -1.53536803068 -1.03386775784 -0.398851109039 0.252959842751 0.867183879314 1.37468700584
 -5.06679163212 -3.78034869249 -2.60899136479 -1.73087265875 -1.09281542122 -0.388681054013 0.243317594235 0.843419227320 1.41272890887
 -5.08615083654 -3.82765101569 -2.69429926242 -1.81528515202 -1.16454759669 -0.541534329070 0.114642025334 0.825239500573 1.49152301959
 -5.17715256832 -3.88262168564 -2.63390874708 -1.59267845897 -0.926811497201 -0.342891250506 0.199756077534 0.826301193383 1.40783464552
 -5.15549280162 -3.77506686756 -2.35986556299 -1.43519244870 -0.906643764027 -0.415279495400 0.118320000315 0.768043936476 1.45712814707
 -5.16717061975 -3.78815745398 -2.47694563483 -1.49856503307 -0.876479541630 -0.360554505553 0.193581100814 0.830633876400 1.39681784715
 -5.15606048882 -3.78895185936 -2.53267099839 -1.56052434462 -0.888031024006 -0.344016522781 0.231519509619 0.864947446816 1.36771441314
# log_sel_spl_fsh[1]:
 0.00000000000 0.00000000000 0.00000000000 0.00000000000
 0.00000000000 0.00000000000 0.00000000000 0.00000000000
 0.00000000000 0.00000000000 0.00000000000 0.00000000000
 0.00000000000 0.00000000000 0.00000000000 0.00000000000
 0.00000000000 0.00000000000 0.00000000000 0.00000000000
 0.00000000000 0.00000000000 0.00000000000 0.00000000000
 0.00000000000 0.00000000000 0.00000000000 0.00000000000
 0.00000000000 0.00000000000 0.00000000000 0.00000000000
 0.00000000000 0.00000000000 0.00000000000 0.00000000000
 0.00000000000 0.00000000000 0.00000000000 0.00000000000
 0.00000000000 0.00000000000 0.00000000000 0.00000000000
 0.00000000000 0.00000000000 0.00000000000 0.00000000000
 0.00000000000 0.00000000000 0.00000000000 0.00000000000
 0.00000000000 0.00000000000 0.00000000000 0.00000000000
 0.00000000000 0.00000000000 0.00000000000 0.00000000000
 0.00000000000 0.00000000000 0.00000000000 0.00000000000
 0.00000000000 0.00000000000 0.00000000000 0.00000000000
 0.00000000000 0.00000000000 0.00000000000 0.00000000000
 0.00000000000 0.00000000000 0.00000000000 0.00000000000
 0.00000000000 0.00000000000 0.00000000000 0.00000000000
 0.00000000000 0.00000000000 0.00000000000 0.00000000000
 0.00000000000 0.00000000000 0.00000000000 0.00000000000
 0.00000000000 0.00000000000 0.00000000000 0.00000000000
 0.00000000000 0.00000000000 0.00000000000 0.00000000000
 0.00000000000 0.00000000000 0.00000000000 0.00000000000
 0.00000000000 0.00000000000 0.00000000000 0.00000000000
 0.00000000000 0.00000000000 0.00000000000 0.00000000000
 0.00000000000 0.00000000000 0.00000000000 0.00000000000
 0.00000000000 0.00000000000 0.00000000000 0.00000000000
 0.00000000000 0.00000000000 0.00000000000 0.00000000000
 0.00000000000 0.00000000000 0.00000000000 0.00000000000
 0.00000000000 0.00000000000 0.00000000000 0.00000000000
 0.00000000000 0.00000000000 0.00000000000 0.00000000000
# log_sel_spl_fsh[2]:
 0.00000000000 0.00000000000 0.00000000000 0.00000000000
 0.00000000000 0.00000000000 0.00000000000 0.00000000000
 0.00000000000 0.00000000000 0.00000000000 0.00000000000
 0.00000000000 0.00000000000 0.00000000000 0.00000000000
 0.00000000000 0.00000000000 0.00000000000 0.00000000000
 0.00000000000 0.00000000000 0.00000000000 0.00000000000
 0.00000000000 0.00000000000 0.00000000000 0.00000000000
 0.00000000000 0.00000000000 0.00000000000 0.00000000000
 0.00000000000 0.00000000000 0.00000000000 0.00000000000
 0.00000000000 0.00000000000 0.00000000000 0.00000000000
 0.00000000000 0.00000000000 0.00000000000 0.00000000000
 0.00000000000 0.00000000000 0.00000000000 0.00000000000
 0.00000000000 0.00000000000 0.00000000000 0.00000000000
 0.00000000000 0.00000000000 0.00000000000 0.00000000000
 0.00000000000 0.00000000000 0.00000000000 0.00000000000
 0.00000000000 0.00000000000 0.00000000000 0.00000000000
 0.00000000000 0.00000000000 0.00000000000 0.00000000000
 0.00000000000 0.00000000000 0.00000000000 0.00000000000
 0.00000000000 0.00000000000 0.00000000000 0.00000000000
 0.00000000000 0.00000000000 0.00000000000 0.00000000000
 0.00000000000 0.00000000000 0.00000000000 0.00000000000
 0.00000000000 0.00000000000 0.00000000000 0.00000000000
 0.00000000000 0.00000000000 0.00000000000 0.00000000000
 0.00000000000 0.00000000000 0.00000000000 0.00000000000
 0.00000000000 0.00000000000 0.00000000000 0.00000000000
 0.00000000000 0.00000000000 0.00000000000 0.00000000000
 0.00000000000 0.00000000000 0.00000000000 0.00000000000
 0.00000000000 0.00000000000 0.00000000000 0.00000000000
 0.00000000000 0.00000000000 0.00000000000 0.00000000000
 0.00000000000 0.00000000000 0.00000000000 0.00000000000
 0.00000000000 0.00000000000 0.00000000000 0.00000000000
 0.00000000000 0.00000000000 0.00000000000 0.00000000000
 0.00000000000 0.00000000000 0.00000000000 0.00000000000
 0.00000000000 0.00000000000 0.00000000000 0.00000000000
# log_sel_spl_fsh[3]:
 0.00000000000 0.00000000000 0.00000000000 0.00000000000
 0.00000000000 0.00000000000 0.00000000000 0.00000000000
# log_sel_spl_fsh[4]:
 0.00000000000 0.00000000000 0.00000000000 0.00000000000
 0.00000000000 0.00000000000 0.00000000000 0.00000000000
 0.00000000000 0.00000000000 0.00000000000 0.00000000000
 0.00000000000 0.00000000000 0.00000000000 0.00000000000
 0.00000000000 0.00000000000 0.00000000000 0.00000000000
 0.00000000000 0.00000000000 0.00000000000 0.00000000000
 0.00000000000 0.00000000000 0.00000000000 0.00000000000
 0.00000000000 0.00000000000 0.00000000000 0.00000000000
 0.00000000000 0.00000000000 0.00000000000 0.00000000000
 0.00000000000 0.00000000000 0.00000000000 0.00000000000
 0.00000000000 0.00000000000 0.00000000000 0.00000000000
 0.00000000000 0.00000000000 0.00000000000 0.00000000000
 0.00000000000 0.00000000000 0.00000000000 0.00000000000
 0.00000000000 0.00000000000 0.00000000000 0.00000000000
 0.00000000000 0.00000000000 0.00000000000 0.00000000000
 0.00000000000 0.00000000000 0.00000000000 0.00000000000
 0.00000000000 0.00000000000 0.00000000000 0.00000000000
 0.00000000000 0.00000000000 0.00000000000 0.00000000000
 0.00000000000 0.00000000000 0.00000000000 0.00000000000
 0.00000000000 0.00000000000 0.00000000000 0.00000000000
 0.00000000000 0.00000000000 0.00000000000 0.00000000000
 0.00000000000 0.00000000000 0.00000000000 0.00000000000
 0.00000000000 0.00000000000 0.00000000000 0.00000000000
 0.00000000000 0.00000000000 0.00000000000 0.00000000000
 0.00000000000 0.00000000000 0.00000000000 0.00000000000
 0.00000000000 0.00000000000 0.00000000000 0.00000000000
 0.00000000000 0.00000000000 0.00000000000 0.00000000000
 0.00000000000 0.00000000000 0.00000000000 0.00000000000
# logsel_slope_fsh[1]:
 0.00000000000 0.00000000000 0.00000000000 0.00000000000 0.00000000000 0.00000000000 0.00000000000 0.00000000000 0.00000000000 0.00000000000 0.00000000000 0.00000000000 0.00000000000 0.00000000000 0.00000000000 0.00000000000 0.00000000000 0.00000000000 0.00000000000 0.00000000000 0.00000000000 0.00000000000 0.00000000000 0.00000000000 0.00000000000 0.00000000000 0.00000000000 0.00000000000 0.00000000000 0.00000000000 0.00000000000 0.00000000000 0.00000000000
# logsel_slope_fsh[2]:
 0.00000000000 0.00000000000 0.00000000000 0.00000000000 0.00000000000 0.00000000000 0.00000000000 0.00000000000 0.00000000000 0.00000000000 0.00000000000 0.00000000000 0.00000000000 0.00000000000 0.00000000000 0.00000000000 0.00000000000 0.00000000000 0.00000000000 0.00000000000 0.00000000000 0.00000000000 0.00000000000 0.00000000000 0.00000000000 0.00000000000 0.00000000000 0.00000000000 0.00000000000 0.00000000000 0.00000000000 0.00000000000 0.00000000000 0.00000000000
# logsel_slope_fsh[3]:
 0.00000000000 0.00000000000
# logsel_slope_fsh[4]:
 0.00000000000 0.00000000000 0.00000000000 0.00000000000 0.00000000000 0.00000000000 0.00000000000 0.00000000000 0.00000000000 0.00000000000 0.00000000000 0.00000000000 0.00000000000 0.00000000000 0.00000000000 0.00000000000 0.00000000000 0.00000000000 0.00000000000 0.00000000000 0.00000000000 0.00000000000 0.00000000000 0.00000000000 0.00000000000 0.00000000000 0.00000000000 0.00000000000
# sel50_fsh[1]:
 0.00000000000 0.00000000000 0.00000000000 0.00000000000 0.00000000000 0.00000000000 0.00000000000 0.00000000000 0.00000000000 0.00000000000 0.00000000000 0.00000000000 0.00000000000 0.00000000000 0.00000000000 0.00000000000 0.00000000000 0.00000000000 0.00000000000 0.00000000000 0.00000000000 0.00000000000 0.00000000000 0.00000000000 0.00000000000 0.00000000000 0.00000000000 0.00000000000 0.00000000000 0.00000000000 0.00000000000 0.00000000000 0.00000000000
# sel50_fsh[2]:
 0.00000000000 0.00000000000 0.00000000000 0.00000000000 0.00000000000 0.00000000000 0.00000000000 0.00000000000 0.00000000000 0.00000000000 0.00000000000 0.00000000000 0.00000000000 0.00000000000 0.00000000000 0.00000000000 0.00000000000 0.00000000000 0.00000000000 0.00000000000 0.00000000000 0.00000000000 0.00000000000 0.00000000000 0.00000000000 0.00000000000 0.00000000000 0.00000000000 0.00000000000 0.00000000000 0.00000000000 0.00000000000 0.00000000000 0.00000000000
# sel50_fsh[3]:
 0.00000000000 0.00000000000
# sel50_fsh[4]:
 0.00000000000 0.00000000000 0.00000000000 0.00000000000 0.00000000000 0.00000000000 0.00000000000 0.00000000000 0.00000000000 0.00000000000 0.00000000000 0.00000000000 0.00000000000 0.00000000000 0.00000000000 0.00000000000 0.00000000000 0.00000000000 0.00000000000 0.00000000000 0.00000000000 0.00000000000 0.00000000000 0.00000000000 0.00000000000 0.00000000000 0.00000000000 0.00000000000
# logsel_p1_fsh[1]:
 0.00000000000 0.00000000000 0.00000000000 0.00000000000 0.00000000000 0.00000000000 0.00000000000 0.00000000000 0.00000000000 0.00000000000 0.00000000000 0.00000000000 0.00000000000 0.00000000000 0.00000000000 0.00000000000 0.00000000000 0.00000000000 0.00000000000 0.00000000000 0.00000000000 0.00000000000 0.00000000000 0.00000000000 0.00000000000 0.00000000000 0.00000000000 0.00000000000 0.00000000000 0.00000000000 0.00000000000 0.00000000000 0.00000000000
# logsel_p1_fsh[2]:
 0.00000000000 0.00000000000 0.00000000000 0.00000000000 0.00000000000 0.00000000000 0.00000000000 0.00000000000 0.00000000000 0.00000000000 0.00000000000 0.00000000000 0.00000000000 0.00000000000 0.00000000000 0.00000000000 0.00000000000 0.00000000000 0.00000000000 0.00000000000 0.00000000000 0.00000000000 0.00000000000 0.00000000000 0.00000000000 0.00000000000 0.00000000000 0.00000000000 0.00000000000 0.00000000000 0.00000000000 0.00000000000 0.00000000000 0.00000000000
# logsel_p1_fsh[3]:
 0.00000000000 0.00000000000
# logsel_p1_fsh[4]:
 0.00000000000 0.00000000000 0.00000000000 0.00000000000 0.00000000000 0.00000000000 0.00000000000 0.00000000000 0.00000000000 0.00000000000 0.00000000000 0.00000000000 0.00000000000 0.00000000000 0.00000000000 0.00000000000 0.00000000000 0.00000000000 0.00000000000 0.00000000000 0.00000000000 0.00000000000 0.00000000000 0.00000000000 0.00000000000 0.00000000000 0.00000000000 0.00000000000
# sel_p2_fsh[1]:
 0.00000000000 0.00000000000 0.00000000000 0.00000000000 0.00000000000 0.00000000000 0.00000000000 0.00000000000 0.00000000000 0.00000000000 0.00000000000 0.00000000000 0.00000000000 0.00000000000 0.00000000000 0.00000000000 0.00000000000 0.00000000000 0.00000000000 0.00000000000 0.00000000000 0.00000000000 0.00000000000 0.00000000000 0.00000000000 0.00000000000 0.00000000000 0.00000000000 0.00000000000 0.00000000000 0.00000000000 0.00000000000 0.00000000000
# sel_p2_fsh[2]:
 0.00000000000 0.00000000000 0.00000000000 0.00000000000 0.00000000000 0.00000000000 0.00000000000 0.00000000000 0.00000000000 0.00000000000 0.00000000000 0.00000000000 0.00000000000 0.00000000000 0.00000000000 0.00000000000 0.00000000000 0.00000000000 0.00000000000 0.00000000000 0.00000000000 0.00000000000 0.00000000000 0.00000000000 0.00000000000 0.00000000000 0.00000000000 0.00000000000 0.00000000000 0.00000000000 0.00000000000 0.00000000000 0.00000000000 0.00000000000
# sel_p2_fsh[3]:
 0.00000000000 0.00000000000
# sel_p2_fsh[4]:
 0.00000000000 0.00000000000 0.00000000000 0.00000000000 0.00000000000 0.00000000000 0.00000000000 0.00000000000 0.00000000000 0.00000000000 0.00000000000 0.00000000000 0.00000000000 0.00000000000 0.00000000000 0.00000000000 0.00000000000 0.00000000000 0.00000000000 0.00000000000 0.00000000000 0.00000000000 0.00000000000 0.00000000000 0.00000000000 0.00000000000 0.00000000000 0.00000000000
# logsel_p3_fsh[1]:
 0.00000000000 0.00000000000 0.00000000000 0.00000000000 0.00000000000 0.00000000000 0.00000000000 0.00000000000 0.00000000000 0.00000000000 0.00000000000 0.00000000000 0.00000000000 0.00000000000 0.00000000000 0.00000000000 0.00000000000 0.00000000000 0.00000000000 0.00000000000 0.00000000000 0.00000000000 0.00000000000 0.00000000000 0.00000000000 0.00000000000 0.00000000000 0.00000000000 0.00000000000 0.00000000000 0.00000000000 0.00000000000 0.00000000000
# logsel_p3_fsh[2]:
 0.00000000000 0.00000000000 0.00000000000 0.00000000000 0.00000000000 0.00000000000 0.00000000000 0.00000000000 0.00000000000 0.00000000000 0.00000000000 0.00000000000 0.00000000000 0.00000000000 0.00000000000 0.00000000000 0.00000000000 0.00000000000 0.00000000000 0.00000000000 0.00000000000 0.00000000000 0.00000000000 0.00000000000 0.00000000000 0.00000000000 0.00000000000 0.00000000000 0.00000000000 0.00000000000 0.00000000000 0.00000000000 0.00000000000 0.00000000000
# logsel_p3_fsh[3]:
 0.00000000000 0.00000000000
# logsel_p3_fsh[4]:
 0.00000000000 0.00000000000 0.00000000000 0.00000000000 0.00000000000 0.00000000000 0.00000000000 0.00000000000 0.00000000000 0.00000000000 0.00000000000 0.00000000000 0.00000000000 0.00000000000 0.00000000000 0.00000000000 0.00000000000 0.00000000000 0.00000000000 0.00000000000 0.00000000000 0.00000000000 0.00000000000 0.00000000000 0.00000000000 0.00000000000 0.00000000000 0.00000000000
# rec_dev_future:
 0.00000000000 0.00000000000 0.00000000000 0.00000000000 0.00000000000 0.00000000000 0.00000000000 0.00000000000 0.00000000000 0.00000000000 0.00000000000 0.00000000000 0.00000000000 0.00000000000 0.00000000000 0.00000000000 0.00000000000 0.00000000000 0.00000000000 0.00000000000
 0.00000000000 0.00000000000 0.00000000000 0.00000000000 0.00000000000 0.00000000000 0.00000000000 0.00000000000 0.00000000000 0.00000000000 0.00000000000 0.00000000000 0.00000000000 0.00000000000 0.00000000000 0.00000000000 0.00000000000 0.00000000000 0.00000000000 0.00000000000
# log_q_ind[1]:
-0.0225690274142
# log_q_ind[2]:
-3.38462571532
# log_q_ind[3]:
-9.56108075437
# log_q_ind[4]:
-0.753603504307
# log_q_ind[5]:
-3.90316024973
# log_q_ind[6]:
-6.24206021833
# log_q_ind[7]:
-0.672776342098
# log_q_power_ind[1]:
0.00000000000
# log_q_power_ind[2]:
0.00000000000
# log_q_power_ind[3]:
0.00000000000
# log_q_power_ind[4]:
0.00000000000
# log_q_power_ind[5]:
0.00000000000
# log_q_power_ind[6]:
0.00000000000
# log_q_power_ind[7]:
0.00000000000
# log_rw_q_ind[1]:
 -1.20954521351
# log_rw_q_ind[3]:
 -0.267807063442
# log_selcoffs_ind[1]:
 -3.34982140815 -2.21302352259 -1.12599482122 -0.278487979561 0.202914415318 0.418868727092 0.448707955745 0.413989438611 0.389467373601 0.387811435404
 -3.35038907323 -2.40108970189 -1.47524055254 -0.625259380985 0.0459749630408 0.433118017319 0.551836085201 0.513507515905 0.453978607185 0.431270760207
# log_selcoffs_ind[2]:
 -0.519967726446 -0.00591564604896 0.323534253526 0.422561312356 0.260225361640 0.0367555396480 -0.130104351672 -0.223304217335 -0.277607012762 -0.310120345234
 -0.0197161849646 0.103875606330 0.187624190131 0.272287644233 0.244737110769 0.0960437384190 -0.0999536419858 -0.269891359107 -0.376319840120 -0.418704170245
# log_selcoffs_ind[3]:
 -0.202940821038 0.0202027052767 0.0202027052767 0.0202027052767 0.0202027052767 0.0202027052767 0.0202027052767 0.0202027052767 0.0202027052767 0.0202027052767
# log_selcoffs_ind[4]:
 -2.46233270368 -1.46217676892 -0.610286537331 -0.0903836566086 0.0968943192415 0.191338973711 0.276995293709 0.362960290017 0.433916391488 0.478476654982
 -3.10272223307 -2.22906812932 -1.37846761409 -0.657694148885 -0.138975537036 0.216777977191 0.450838060436 0.578558254942 0.600095277965 0.582066641863
# log_selcoffs_ind[5]:
 -3.04452005677 -0.669616569639 0.101782682789 0.174353368097 0.174353368097 0.174353368097 0.174353368097 0.174353368097 0.174353368097 0.174353368097
# log_selcoffs_ind[6]:
 -3.04452005677 -0.669616569639 0.101782682789 0.174353368097 0.174353368097 0.174353368097 0.174353368097 0.174353368097 0.174353368097 0.174353368097
# log_selcoffs_ind[7]:
 -3.04452005677 -0.669616569639 0.101782682789 0.174353368097 0.174353368097 0.174353368097 0.174353368097 0.174353368097 0.174353368097 0.174353368097
# logsel_slope_ind[1]:
 0.00000000000 0.00000000000
# logsel_slope_ind[2]:
 0.00000000000 0.00000000000
# logsel_slope_ind[3]:
 0.00000000000
# logsel_slope_ind[4]:
 0.00000000000 0.00000000000
# logsel_slope_ind[5]:
 0.00000000000
# logsel_slope_ind[6]:
 0.00000000000
# logsel_slope_ind[7]:
 0.00000000000
# sel50_ind[1]:
 0.00000000000 0.00000000000
# sel50_ind[2]:
 0.00000000000 0.00000000000
# sel50_ind[3]:
 0.00000000000
# sel50_ind[4]:
 0.00000000000 0.00000000000
# sel50_ind[5]:
 0.00000000000
# sel50_ind[6]:
 0.00000000000
# sel50_ind[7]:
 0.00000000000
# logsel_p1_ind[1]:
 0.00000000000 0.00000000000
# logsel_p1_ind[2]:
 0.00000000000 0.00000000000
# logsel_p1_ind[3]:
 0.00000000000
# logsel_p1_ind[4]:
 0.00000000000 0.00000000000
# logsel_p1_ind[5]:
 0.00000000000
# logsel_p1_ind[6]:
 0.00000000000
# logsel_p1_ind[7]:
 0.00000000000
# sel_p2_ind[1]:
 0.00000000000 0.00000000000
# sel_p2_ind[2]:
 0.00000000000 0.00000000000
# sel_p2_ind[3]:
 0.00000000000
# sel_p2_ind[4]:
 0.00000000000 0.00000000000
# sel_p2_ind[5]:
 0.00000000000
# sel_p2_ind[6]:
 0.00000000000
# sel_p2_ind[7]:
 0.00000000000
# logsel_p3_ind[1]:
 0.00000000000 0.00000000000
# logsel_p3_ind[2]:
 0.00000000000 0.00000000000
# logsel_p3_ind[3]:
 0.00000000000
# logsel_p3_ind[4]:
 0.00000000000 0.00000000000
# logsel_p3_ind[5]:
 0.00000000000
# logsel_p3_ind[6]:
 0.00000000000
# logsel_p3_ind[7]:
 0.00000000000
