# Number of parameters = 1400 Objective function value = 1183.57063603744  Maximum gradient component = 0.00796386594471213
# Mest[1]:
0.230000000000
# Mest[2]:
0.330000000000
# log_Linf[1]:
4.30945594184
# log_Linf[2]:
4.38701417618
# log_k[1]:
-1.83258146375
# log_k[2]:
-1.83258146375
# log_Lo[1]:
2.89037175790
# log_Lo[2]:
2.89037175790
# log_sdage[1]:
-2.40794560865
# log_sdage[2]:
-2.40794560865
# mean_log_rec[1]:
9.51996961985
# mean_log_rec[2]:
8.34651786087
# mean_log_rec[3]:
7.69080400774
# steepness[1]:
0.650000000000
# steepness[2]:
0.650000000000
# steepness[3]:
0.650000000000
# log_Rzero[1]:
9.04231595273
# log_Rzero[2]:
8.39383383495
# log_Rzero[3]:
7.42221683562
# rec_dev:
 -0.440700881902 -0.513671334456 -0.592852654893 -0.679188638923 -0.770163546609 -0.861753152155 -0.828845289135 -0.833067244065 -0.679575830746 -0.615282914582 -0.525215798057 -0.357799365751 -0.395756674301 -0.351230941534 -0.292056959415 -0.107402894403 0.189477758882 0.385924944774 0.377181222140 0.332952679322 0.385448386073 0.504859086976 0.720451787946 0.717097200720 0.664863385247 1.31610938310 1.51596324697 0.695089321872 0.116066887068 0.316924881329 0.631237441849 0.766156472586 0.531725562257 0.303942033167 0.217279057045 0.289514480709 0.325243776218 0.477362919225 0.657360795595 0.557836763541 0.696708174960 0.676173029217 0.477181219989 -0.159202057823 -0.487390032212 -0.774598131809 -1.49793453947 -1.02886196823 -0.839836213877 -0.980645762617 -0.981776472142 -0.999378021282 -0.923061774304 -0.461028286049 -0.354055955736 -0.513198989801 -0.544043920543 -0.112274674382 0.608520868184 0.716390655064
 -0.000169356175670 -0.000214260674136 -0.000257881875246 -0.000290100527693 -0.000292690459618 -0.000231974943507 -5.10608352204e-05 0.000365019723317 0.000871533067112 0.00173274533076 0.00298349115127 0.0271473702416 0.0277679758229 0.0282162271720 0.0282508746551 0.0260558612001 0.0184007659771 0.00514515124303 -0.0504789190472 0.355981125069 -0.0175252525710 -0.115782851861 -0.00431257966056 0.412319765372 -0.0378492485365 -0.246182409003 -0.535457579642 -0.0466942491286 0.369815407126 0.896081753635 0.271929600029 0.238449289342 -0.464206475326 -0.00383508051298 -0.447738648545 -0.668567320000 -0.000779389023599 0.0787317513449 0.0399450343242 -0.113081635219 0.588703000699 1.20621398944 -0.323798961730 0.671193770642 -0.706868747021 -0.185633845690 0.733280999765 0.0291669656211 -1.22872066013 -1.98765480785 -0.477730864549 0.865637319382 -0.608047939274 -0.177497649838 -1.55061985841 -0.436381978620 -0.646827854252 -0.135827430886 1.26194056657 0.0356455298100
# log_sigmar[1]:
-0.510825623766
# log_sigmar[2]:
-0.510825623766
# log_sigmar[3]:
-0.510825623766
# fmort:
 0.0116821911764 0.0171167833647 0.00773880758463 0.00975858855564 0.0187566841826 0.0230293319947 0.0278828031792 0.0240240815701 0.0468952248662 0.0389415746619 0.0263968917606 0.0384552716476 0.0737749988322 0.0286318841280 0.0674661651634 0.0451081245753 0.00440007822681 0.0201781284968 0.0165841739581 0.0147142453984 0.0139482134847 0.0185302314270 0.0201563229327 0.0224346758509 0.0148653508745 0.0199494455455 0.0338042943589 0.0132181779857 0.00375546664874 0.00616893734408 0.00990283978919 0.0203860356068 0.00868660974960 0.0121082333827 0.0133859136076 0.0220675477592 0.0280400187764 0.0422706336123 0.0579156739660 0.0545123532983 0.0724174433805 0.0130001471218 0.00514818510005 0.00587785567160 0.00612406943789 0.00733470913649 0.00548833364201 0.00798152619601 0.00227565191750
 0.00146482777458 0.00224332501891 0.00341812697199 0.00564601173064 0.00404451474195 0.00727828272127 0.00940101080289 0.0136992516721 0.0220760354396 0.0272564779108 0.0246359089021 0.0488804346923 0.0672087049412 0.0548187072967 0.0739152967445 0.104726220524 0.117118836640 0.157215238048 0.218090667641 0.227704650317 0.228733687704 0.287590184682 0.376943929230 0.358847335386 0.479411895169 0.638104166128 0.620138288169 0.623518717310 0.368192426398 0.239518776786 0.180907636702 0.212690659260 0.209869772372 0.193393093494 0.188740299618 0.188678424400 0.198934849952 0.240086213377 0.210116147597 0.290197580857 0.174922617631 0.125951937752 0.104820546128 0.0819973424930 0.0781774064885 0.0770580345526 0.0825119540673 0.0764086825341 0.0832311685381
 0.000584274074013 0.00113865366004 0.00282631284941 0.00604905516217 0.0193044351356 0.00599656116893 0.00765110715787 0.103414021897 0.105429795698 0.0849965862373 0.0854025395047 0.114708721194 0.0368624573587 0.0219212845547 0.0254757054659 0.0186657138890 0.0102289883400 0.0116272534143 0.0445535575550 0.0369147834348 0.0325481070098 0.0266401685674 0.0157795895618 0.0272131703222 0.0454781481278 0.215325810210 0.367437397680 0.694439909558 0.610349109982 0.164730306880 0.119547556545 0.375398313133 0.0545096762141 0.0740080066157 0.0635852605497 0.0412190457605 0.101746012826 0.0851855803841 0.0953552006730 0.113523734807 0.0293250006848 0.143162999413 0.0687936133364 0.0416468150396 0.0446896246526 0.0182624425427 0.00877903057754 0.00419418775950 0.0119410070057
 2.13717932240e-13 2.24542606730e-13 0.000576343902409 2.40085729075e-13 2.42583730881e-13 2.44249065418e-13 3.57506313442e-06 0.000241374340493 0.00502648251312 0.0310415956443 0.0274827426003 0.0346350332173 0.0773913489717 0.0912529055144 0.120984373585 0.0973267126230 0.0919235724264 0.0951626063544 0.0976251372860 0.0805145796324 0.0659112527748 0.0415724025604 0.00356918660902 2.23432383706e-13 2.62012633812e-13 3.66651153882e-13 4.62685445513e-13 6.85562717706e-13 7.86870568703e-13 3.50765521601e-06 0.000637203004830 0.00444897343386 0.0134606953413 0.0258871698618 0.0453409245811 0.0384349713580 0.0579401338505 0.0882518516539 0.112745233335 0.154998544680 0.151195648063 0.0412677358989 0.0277510386557 0.0274271093870 0.0284184840738 0.0351751389679 0.0204236782140 0.0159044401135 0.0109734737544
# log_selcoffs_fsh[1]:
 -4.82657021420 -3.67499243029 -2.43559342679 -1.21801947732 -0.279614469362 0.511095192377 1.08497211779 0.890459354422 -0.268561745793
 -4.51690821561 -3.27546285434 -1.95998597956 -0.813092061270 -0.166840038472 0.458281272289 0.948825703883 0.800996122372 0.121164097704
 -4.18258394806 -2.93066671892 -1.70654869606 -0.682912810703 -0.00125690674612 0.535182345365 0.824566899123 0.665529024202 0.271422550670
 -3.78271585914 -2.44128970370 -1.31709166595 -0.518196303445 -0.0408355457642 0.395864333670 0.763118363396 0.682550191544 0.376486789936
 -3.56131115859 -2.12678590376 -0.761736008974 -0.00825284177199 0.212117920355 0.341762688318 0.489525956027 0.492431576415 0.393520388480
 -3.39421872172 -2.03702268055 -0.780648549597 0.0923852478179 0.484640213509 0.468631304183 0.360704562693 0.293449787007 0.250243962052
 -3.23314226643 -1.94851424148 -0.873331973531 -0.0616202771610 0.557755095792 0.679178195711 0.390722728027 0.164458934875 0.0810972337246
 -3.06837904971 -1.75814407297 -0.773770785050 -0.00511461703325 0.597554758302 0.712134145513 0.357123529473 0.0779968653261 -0.0422468996567
 -2.93918737901 -1.62307899291 -0.446378441447 0.203612970290 0.524856839346 0.588749331944 0.380409773322 0.0500801113897 -0.130283980012
 -2.77885442307 -1.35710419722 -0.177863934558 0.225597540188 0.529087199964 0.583542198676 0.296588793436 -0.0482839738798 -0.220055606903
 -2.61685102169 -0.986641516750 0.458259752676 0.449945747983 0.330400068875 0.286508412960 0.0783480829872 -0.161643115149 -0.288941414423
 -2.44537341346 -0.727377686766 0.442332619714 0.481763419698 0.441472339401 0.235733386355 -0.0451561533976 -0.252602414351 -0.354655285558
 -2.33046705524 -0.661453926174 0.475242697338 0.698166550835 0.403770581441 0.0870630042742 -0.189323769811 -0.356622694139 -0.427404189047
 -2.24040466250 -0.696719014316 0.484326516036 0.834845323227 0.396827508198 -0.0163236719452 -0.293310714472 -0.441480136987 -0.497505223737
 -2.36640722795 -0.831869621044 0.628182282953 0.871010489465 0.346048258759 -0.0722108830720 -0.353109825329 -0.512056761072 -0.576509742647
 -2.31674593882 -0.816966566997 0.671292743303 0.796789891950 0.396926255135 -0.0259441377646 -0.352554476253 -0.539736651374 -0.621691624400
 -2.10953795979 -0.589846571579 0.782669614530 0.719623121108 0.307919836747 -0.0640741971432 -0.366873156240 -0.559422778382 -0.653220695691
 -1.76069910944 -0.288216534789 0.572330078308 0.772074103186 0.377822606673 -0.0682222422061 -0.387227895954 -0.578999731597 -0.674754164877
 -1.63549450860 -0.265637013111 0.845445715952 0.727555363424 0.183633900645 -0.200265780931 -0.474929908858 -0.651647975985 -0.741931751933
 -1.38473814097 -0.149256675458 0.825175235032 0.713493275796 0.217104084531 -0.230348338796 -0.534563654970 -0.712608908827 -0.794394941987
 -1.30676226965 -0.0155116885562 0.885255352016 0.711425065046 0.141169880859 -0.316757812056 -0.627939502970 -0.798666487154 -0.866416591166
 -1.25114528338 -0.0903206835369 0.711743870196 0.934490050105 0.248750352659 -0.406181027509 -0.750817827037 -0.899723391433 -0.943007227674
 -1.17689968181 0.172393870921 0.924314754619 0.760100445223 0.0697380545928 -0.507121442927 -0.844312592523 -0.980440115440 -1.00638763761
 -1.32354875812 -0.0324226724133 0.902755807536 0.974214531701 0.0120544347695 -0.600726264948 -0.923228494247 -1.05241075490 -1.06895481643
 -1.47200273461 -0.0985573995484 0.929477866530 0.952079003574 0.0780708268923 -0.553702421389 -0.911407316977 -1.06309836257 -1.08840056322
 -1.43339114572 0.129692791048 0.745844739674 0.863206973893 0.238407476687 -0.344872042319 -0.803909933556 -1.00609592940 -1.04045717876
 -1.43331499608 -0.176122253889 0.592399869824 0.967856042491 0.324964781608 -0.210493728609 -0.679587866051 -0.912274718831 -0.968246714634
 -1.27400924778 0.199736518712 0.457380827315 0.780925717090 0.339181169405 -0.145107996764 -0.549804102084 -0.776226506714 -0.844296674625
 -1.12466452385 0.405703869732 0.628121443971 0.517220912053 0.145887709152 -0.184587247288 -0.467002436154 -0.648346596945 -0.723333812422
 -1.19011868293 0.0362477225595 0.511942618610 0.812126853065 0.160758092025 -0.228935435953 -0.428356482886 -0.550155109038 -0.617189214649
 -1.04657088564 0.480302859662 0.558378739821 0.317146364012 0.0333267571446 -0.163020942309 -0.304119411778 -0.407267066255 -0.470715317865
 -0.937772625324 0.541992478406 0.213254060198 0.195987919150 0.110910808687 -0.0217387602818 -0.154832370016 -0.264669373710 -0.335401374396
 -1.12876918297 -0.396140445314 -0.00772592953733 0.515617626987 0.403642605904 0.181895910327 -0.00424248558921 -0.148230221646 -0.245998708565
 -1.42724168959 -0.568126386893 -0.0606934273723 0.320959912782 0.334164103735 0.341995951589 0.196293209980 -0.00265643176139 -0.156508402703
 -1.39920882561 -0.0807830596247 0.0260383345641 0.476346102394 0.277492370873 0.102736926351 0.000988906274172 -0.0892859773002 -0.161737693033
# log_selcoffs_fsh[2]:
 -6.47695795091 -5.02761469728 -3.57269725936 -1.96003132001 -0.576483087247 0.328367631953 0.987667616569 1.13387544270 0.516497580247 -0.907295688831
 -6.39096988659 -4.94915439888 -3.45656563899 -2.04154755835 -0.871797148074 0.190909529898 0.979004748543 1.16803395111 0.530189337756 -0.470651614454
 -6.26831637184 -4.88594177103 -3.48748975533 -2.13013024569 -1.01366962403 0.0461912192825 0.923878516977 1.15241631284 0.617639610507 -0.114767560469
 -6.10249508749 -4.75133429741 -3.46241697711 -2.22211900230 -1.14256992736 -0.177925112509 0.767042783776 1.14427195300 0.768263975571 0.218189630757
 -5.93568484167 -4.51688268070 -3.24076560385 -2.20356410102 -1.31202904332 -0.391796736792 0.591613669491 1.08188216166 0.890566114831 0.529532684021
 -5.77840668097 -4.43729820230 -3.14138316003 -1.95730755955 -1.13604463309 -0.519053523384 0.276429714330 0.895592037166 1.00909825925 0.864627527784
 -5.63708355898 -4.36885025562 -3.16010549803 -2.07451858808 -1.14544072088 -0.400935400917 0.170765463588 0.672239973758 0.982233294119 1.10284007092
 -5.52483122708 -4.30033313228 -3.15203710014 -2.14539611868 -1.27372580101 -0.564696297266 0.107824593020 0.589218094875 0.956366315497 1.24002168966
 -5.45078123296 -4.21860650807 -3.06113023678 -2.10591453645 -1.35112174830 -0.672806500442 0.0208800431810 0.610281924506 0.957802036211 1.27401624041
 -5.36531911350 -4.09866534999 -2.91505309195 -1.91771041697 -1.14868869402 -0.580512093789 -0.109151855545 0.477523778380 0.948998855401 1.33740001159
 -5.31155481147 -3.94145903155 -2.63252739164 -1.55123737727 -0.842687972933 -0.328205813219 0.0598425427173 0.372612244041 0.797303915189 1.33717184643
 -5.32793165072 -3.82641732440 -2.41238899215 -1.22589166912 -0.617890606177 -0.194651351801 0.119721160487 0.438086205912 0.853442205507 1.16422032208
 -5.35448654213 -3.68038376245 -2.07166778434 -0.797351628291 -0.257109292159 0.0944055234131 0.268111965907 0.445435144916 0.724376109375 0.951336766307
 -5.37643506016 -3.49695137032 -1.70323791243 -0.520894683570 0.105479011072 0.292286868706 0.340003999490 0.420585176325 0.575052167264 0.709633262920
 -5.35508956013 -3.28550399749 -1.32646244334 -0.0662028239051 0.362265968125 0.344321635688 0.231229902655 0.271391413493 0.443684286016 0.575775697510
 -5.29454291741 -3.08365123575 -1.02196892876 0.0925308127684 0.340353355376 0.301032248634 0.200917254294 0.230804172668 0.400785810152 0.565612666636
 -5.25329220248 -3.01877165600 -0.913629513690 0.0607646901810 0.320345624215 0.305394791959 0.197026379384 0.210037089002 0.389610274125 0.598574952614
 -5.22495485563 -3.19019040750 -1.27248353183 0.00739583448061 0.404235531801 0.376353664993 0.210725781069 0.193401286675 0.376634621133 0.590817003501
 -5.18722987186 -3.32339690352 -1.56395129191 -0.248535033973 0.456237618225 0.450982293311 0.232953524475 0.197568747055 0.388540457000 0.623565190700
 -5.11370579629 -3.36425656880 -1.68935444753 -0.411737483362 0.246298096472 0.381137859627 0.239997671162 0.236748805386 0.487441925772 0.789600522314
 -5.07704094702 -3.43816553893 -1.89284805179 -0.620866648367 0.138617897914 0.389465450997 0.289232632645 0.244733047909 0.507937477572 0.864617694323
 -5.07916923081 -3.52157684763 -2.05764834813 -0.887727090153 -0.0451232939734 0.422532740339 0.397025988405 0.315691084908 0.533725792541 0.866807099705
 -5.10079565153 -3.59370322082 -2.22620793092 -1.09842746624 -0.258671649824 0.417027739228 0.455597916773 0.397706923951 0.584046713871 0.865735826609
 -5.17182108688 -3.66021367593 -2.27049071678 -1.13549467972 -0.410038014478 0.194246701636 0.513889354187 0.506009131309 0.671754055376 0.866237037219
 -5.24751053769 -3.71081244653 -2.22488755398 -0.932892298216 -0.276366141767 0.00329667896569 0.326648628128 0.546558501997 0.719080323258 0.932476426860
 -5.35225862229 -3.77614309476 -2.32089837255 -1.05913362729 -0.275045100218 0.231260659611 0.347668100257 0.470754427703 0.683642058590 0.920139661470
 -5.54991221721 -3.94694368933 -2.35714808429 -0.992769795418 -0.199876140387 0.376171994433 0.504976355972 0.480213747675 0.597577474495 0.763117979514
 -5.72679130909 -4.09801220713 -2.40629902871 -0.754816592912 0.00995849152352 0.483323384796 0.510316274911 0.407954834400 0.560794979765 0.624229606298
 -5.89377075839 -4.25714446750 -2.61568946812 -1.06599371482 -0.135531932845 0.729339664350 0.710351657880 0.415144554861 0.476585586216 0.377582437471
 -6.03752322708 -4.36378134368 -2.70174939019 -1.09097684052 0.200731851387 0.843283829223 0.784227896871 0.404942646708 0.208880920090 0.107412573414
 -6.09989342250 -4.35384573222 -2.56631278165 -0.838551223580 0.293488969280 0.797147106138 0.707328287848 0.385013933588 0.210794642380 0.167705222521
 -6.09728011841 -4.26502526120 -2.41183629115 -0.735771921290 0.286757886162 0.562825441484 0.601990435974 0.432861813275 0.374305191646 0.409319487357
 -6.07754522979 -4.14476986990 -2.16665129769 -0.554356081519 -0.0208307205493 0.261841324739 0.501112438196 0.569029138518 0.555704683602 0.617278000345
 -6.10834340833 -4.15179518821 -2.25842240876 -0.747218151514 -0.0386787807113 0.354495991388 0.539683217817 0.593676523027 0.562026657282 0.551583453983
 -6.11437780557 -4.14062114107 -2.18936896990 -0.737358584906 -0.164804600683 0.227940381260 0.544837042039 0.641406956518 0.615879172802 0.594807096527
 -6.10955859304 -4.19079616560 -2.34559457398 -0.730105022982 -0.00435251487418 0.218247851865 0.465115966348 0.617540209888 0.634940256556 0.605394095507
# log_selcoffs_fsh[3]:
 -2.35497625910 0.282053769851 1.46958121783 0.0727501903717 -2.06261284122 -3.84706194016 -4.83905407430
 -2.30856569210 0.881173139902 1.23342628496 -0.0839891131305 -2.24231106323 -3.89536819107 -4.84026798821
# log_selcoffs_fsh[4]:
 -5.91795260468 -4.78597390620 -3.63021699639 -2.41277022718 -1.14083203879 0.0584250847453 0.928431912874 1.12791413774 0.627767452210
 -5.90541828248 -4.76589220752 -3.59553539053 -2.32703636011 -1.00710883618 0.153699265909 0.936611935963 1.06529313900 0.630901355009
 -5.87075148023 -4.72788267708 -3.56115606963 -2.32397036338 -1.02765999653 0.136076116541 0.921714174587 1.07000916614 0.657224503485
 -5.80499750617 -4.65082887086 -3.49321443640 -2.30310024141 -1.06352883070 0.0718127729355 0.879858027622 1.08327464150 0.728754299198
 -5.73402477008 -4.55265804795 -3.38194372499 -2.22448668332 -1.03030450113 0.0798760686515 0.844344957808 1.05634555538 0.789264279805
 -5.66072342644 -4.49404988106 -3.31130709373 -2.12843845797 -1.01605087331 0.0126480453996 0.798974873374 1.07004639741 0.839983015693
 -5.56507366929 -4.41953518402 -3.24675436800 -2.03893154228 -0.935310856871 0.0315513261037 0.770706414285 1.03212814693 0.884684051000
 -5.43633248030 -4.29159331755 -3.16881896847 -2.00588381601 -0.895649248356 0.0145263834588 0.725496366436 1.02716244041 0.925649597990
 -5.30227631279 -4.11216177337 -3.02983349157 -2.01404069506 -0.982699754791 -0.0170520213013 0.716217167858 1.01780459020 0.965345318527
 -5.17401819148 -3.97778531827 -2.84123636523 -1.81532505040 -0.915004457301 -0.0619011087129 0.633582019742 0.996473411295 1.03706351365
 -5.07316727852 -3.86039724300 -2.71100877099 -1.67622159555 -0.764941604279 -0.00212823937569 0.588932567408 0.934519957889 1.06741008055
 -5.00061493664 -3.74205461092 -2.56825537545 -1.54935180083 -0.663475711181 0.0750273673843 0.582325192201 0.888535584709 1.05283779129
 -4.94043354609 -3.59374630964 -2.34870641907 -1.35304882771 -0.591481513565 0.0736530979694 0.581567615967 0.866620182121 1.03452596176
 -4.87791291160 -3.40607180010 -1.98301435617 -0.974241271962 -0.393018083421 0.0576678585726 0.457572568240 0.814546087988 1.05477187214
 -4.81305387549 -3.26313777940 -1.74417552153 -0.638772400017 -0.138906248304 0.0883171759990 0.348921498562 0.718444750934 1.03654434986
 -4.73267985597 -3.14541458743 -1.54211606188 -0.392924896070 -0.0507370575860 0.0691697876182 0.287658120613 0.657782360258 1.01999690336
 -4.67639674711 -3.12514026225 -1.57311492238 -0.409510879419 -0.0425424842937 0.128138443735 0.329765458230 0.642471543701 0.988986269311
 -4.63236737404 -3.22356817723 -1.93145799347 -0.941759701547 -0.249490538186 0.312442808544 0.567627894723 0.692004804546 0.919416358700
 -4.54911066587 -3.26682651664 -2.10983433014 -1.20888288257 -0.485804362209 0.157729030756 0.577987039491 0.822721003126 0.988173478006
 -4.48429738903 -3.28376396397 -2.20794263375 -1.36241546207 -0.706061145194 -0.0526362767893 0.549585077229 0.924173062236 1.06147547223
 -4.42439379823 -3.24095921786 -2.17647249203 -1.42066659178 -0.835759118395 -0.249987189770 0.415415279258 0.986123617181 1.15867834855
 -4.34927501820 -3.14280788464 -1.92497670488 -1.29315992290 -0.864795948870 -0.288505642516 0.305606238550 0.857211851578 1.29173423256
 -4.29704548468 -3.21175069307 -2.20035741488 -1.42864256520 -0.865641956306 -0.229925775148 0.322908248953 0.830022524388 1.30990583891
 -4.19123499885 -3.17602281910 -2.23108814895 -1.46190194604 -0.878062261014 -0.323101111243 0.236739464015 0.817938712663 1.36901874220
 -4.13540316326 -3.14680896876 -2.13473068147 -1.22507642347 -0.613458262928 -0.0789180920708 0.362827247712 0.815124521535 1.21389377411
 -3.90116768330 -2.91204371849 -1.80603654859 -1.06298914861 -0.602288842535 -0.135707784298 0.323886880317 0.789929825102 1.22650816064
 -3.58835308673 -2.70643253632 -1.79775598504 -1.08860942872 -0.612551217189 -0.151360778185 0.340677703459 0.830836805999 1.19409954002
 -3.11436306595 -2.34582099136 -1.63899317561 -1.10798788289 -0.682175238243 -0.256566406596 0.210783660159 0.757783907452 1.30508934911
 -2.49805699496 -1.85789253451 -1.48561963011 -1.16858226295 -0.894191628902 -0.494833932298 0.0863012324601 0.752457762701 1.38470075363
 -2.47863040745 -1.92236200177 -1.51011203159 -1.19464399567 -0.892057509577 -0.475850321573 0.111569834308 0.796563676369 1.35559738422
# log_sel_spl_fsh[1]:
 0.00000000000 0.00000000000 0.00000000000 0.00000000000
 0.00000000000 0.00000000000 0.00000000000 0.00000000000
 0.00000000000 0.00000000000 0.00000000000 0.00000000000
 0.00000000000 0.00000000000 0.00000000000 0.00000000000
 0.00000000000 0.00000000000 0.00000000000 0.00000000000
 0.00000000000 0.00000000000 0.00000000000 0.00000000000
 0.00000000000 0.00000000000 0.00000000000 0.00000000000
 0.00000000000 0.00000000000 0.00000000000 0.00000000000
 0.00000000000 0.00000000000 0.00000000000 0.00000000000
 0.00000000000 0.00000000000 0.00000000000 0.00000000000
 0.00000000000 0.00000000000 0.00000000000 0.00000000000
 0.00000000000 0.00000000000 0.00000000000 0.00000000000
 0.00000000000 0.00000000000 0.00000000000 0.00000000000
 0.00000000000 0.00000000000 0.00000000000 0.00000000000
 0.00000000000 0.00000000000 0.00000000000 0.00000000000
 0.00000000000 0.00000000000 0.00000000000 0.00000000000
 0.00000000000 0.00000000000 0.00000000000 0.00000000000
 0.00000000000 0.00000000000 0.00000000000 0.00000000000
 0.00000000000 0.00000000000 0.00000000000 0.00000000000
 0.00000000000 0.00000000000 0.00000000000 0.00000000000
 0.00000000000 0.00000000000 0.00000000000 0.00000000000
 0.00000000000 0.00000000000 0.00000000000 0.00000000000
 0.00000000000 0.00000000000 0.00000000000 0.00000000000
 0.00000000000 0.00000000000 0.00000000000 0.00000000000
 0.00000000000 0.00000000000 0.00000000000 0.00000000000
 0.00000000000 0.00000000000 0.00000000000 0.00000000000
 0.00000000000 0.00000000000 0.00000000000 0.00000000000
 0.00000000000 0.00000000000 0.00000000000 0.00000000000
 0.00000000000 0.00000000000 0.00000000000 0.00000000000
 0.00000000000 0.00000000000 0.00000000000 0.00000000000
 0.00000000000 0.00000000000 0.00000000000 0.00000000000
 0.00000000000 0.00000000000 0.00000000000 0.00000000000
 0.00000000000 0.00000000000 0.00000000000 0.00000000000
 0.00000000000 0.00000000000 0.00000000000 0.00000000000
 0.00000000000 0.00000000000 0.00000000000 0.00000000000
# log_sel_spl_fsh[2]:
 0.00000000000 0.00000000000 0.00000000000 0.00000000000
 0.00000000000 0.00000000000 0.00000000000 0.00000000000
 0.00000000000 0.00000000000 0.00000000000 0.00000000000
 0.00000000000 0.00000000000 0.00000000000 0.00000000000
 0.00000000000 0.00000000000 0.00000000000 0.00000000000
 0.00000000000 0.00000000000 0.00000000000 0.00000000000
 0.00000000000 0.00000000000 0.00000000000 0.00000000000
 0.00000000000 0.00000000000 0.00000000000 0.00000000000
 0.00000000000 0.00000000000 0.00000000000 0.00000000000
 0.00000000000 0.00000000000 0.00000000000 0.00000000000
 0.00000000000 0.00000000000 0.00000000000 0.00000000000
 0.00000000000 0.00000000000 0.00000000000 0.00000000000
 0.00000000000 0.00000000000 0.00000000000 0.00000000000
 0.00000000000 0.00000000000 0.00000000000 0.00000000000
 0.00000000000 0.00000000000 0.00000000000 0.00000000000
 0.00000000000 0.00000000000 0.00000000000 0.00000000000
 0.00000000000 0.00000000000 0.00000000000 0.00000000000
 0.00000000000 0.00000000000 0.00000000000 0.00000000000
 0.00000000000 0.00000000000 0.00000000000 0.00000000000
 0.00000000000 0.00000000000 0.00000000000 0.00000000000
 0.00000000000 0.00000000000 0.00000000000 0.00000000000
 0.00000000000 0.00000000000 0.00000000000 0.00000000000
 0.00000000000 0.00000000000 0.00000000000 0.00000000000
 0.00000000000 0.00000000000 0.00000000000 0.00000000000
 0.00000000000 0.00000000000 0.00000000000 0.00000000000
 0.00000000000 0.00000000000 0.00000000000 0.00000000000
 0.00000000000 0.00000000000 0.00000000000 0.00000000000
 0.00000000000 0.00000000000 0.00000000000 0.00000000000
 0.00000000000 0.00000000000 0.00000000000 0.00000000000
 0.00000000000 0.00000000000 0.00000000000 0.00000000000
 0.00000000000 0.00000000000 0.00000000000 0.00000000000
 0.00000000000 0.00000000000 0.00000000000 0.00000000000
 0.00000000000 0.00000000000 0.00000000000 0.00000000000
 0.00000000000 0.00000000000 0.00000000000 0.00000000000
 0.00000000000 0.00000000000 0.00000000000 0.00000000000
 0.00000000000 0.00000000000 0.00000000000 0.00000000000
# log_sel_spl_fsh[3]:
 0.00000000000 0.00000000000 0.00000000000 0.00000000000
 0.00000000000 0.00000000000 0.00000000000 0.00000000000
# log_sel_spl_fsh[4]:
 0.00000000000 0.00000000000 0.00000000000 0.00000000000
 0.00000000000 0.00000000000 0.00000000000 0.00000000000
 0.00000000000 0.00000000000 0.00000000000 0.00000000000
 0.00000000000 0.00000000000 0.00000000000 0.00000000000
 0.00000000000 0.00000000000 0.00000000000 0.00000000000
 0.00000000000 0.00000000000 0.00000000000 0.00000000000
 0.00000000000 0.00000000000 0.00000000000 0.00000000000
 0.00000000000 0.00000000000 0.00000000000 0.00000000000
 0.00000000000 0.00000000000 0.00000000000 0.00000000000
 0.00000000000 0.00000000000 0.00000000000 0.00000000000
 0.00000000000 0.00000000000 0.00000000000 0.00000000000
 0.00000000000 0.00000000000 0.00000000000 0.00000000000
 0.00000000000 0.00000000000 0.00000000000 0.00000000000
 0.00000000000 0.00000000000 0.00000000000 0.00000000000
 0.00000000000 0.00000000000 0.00000000000 0.00000000000
 0.00000000000 0.00000000000 0.00000000000 0.00000000000
 0.00000000000 0.00000000000 0.00000000000 0.00000000000
 0.00000000000 0.00000000000 0.00000000000 0.00000000000
 0.00000000000 0.00000000000 0.00000000000 0.00000000000
 0.00000000000 0.00000000000 0.00000000000 0.00000000000
 0.00000000000 0.00000000000 0.00000000000 0.00000000000
 0.00000000000 0.00000000000 0.00000000000 0.00000000000
 0.00000000000 0.00000000000 0.00000000000 0.00000000000
 0.00000000000 0.00000000000 0.00000000000 0.00000000000
 0.00000000000 0.00000000000 0.00000000000 0.00000000000
 0.00000000000 0.00000000000 0.00000000000 0.00000000000
 0.00000000000 0.00000000000 0.00000000000 0.00000000000
 0.00000000000 0.00000000000 0.00000000000 0.00000000000
 0.00000000000 0.00000000000 0.00000000000 0.00000000000
 0.00000000000 0.00000000000 0.00000000000 0.00000000000
# logsel_slope_fsh[1]:
 0.00000000000 0.00000000000 0.00000000000 0.00000000000 0.00000000000 0.00000000000 0.00000000000 0.00000000000 0.00000000000 0.00000000000 0.00000000000 0.00000000000 0.00000000000 0.00000000000 0.00000000000 0.00000000000 0.00000000000 0.00000000000 0.00000000000 0.00000000000 0.00000000000 0.00000000000 0.00000000000 0.00000000000 0.00000000000 0.00000000000 0.00000000000 0.00000000000 0.00000000000 0.00000000000 0.00000000000 0.00000000000 0.00000000000 0.00000000000 0.00000000000
# logsel_slope_fsh[2]:
 0.00000000000 0.00000000000 0.00000000000 0.00000000000 0.00000000000 0.00000000000 0.00000000000 0.00000000000 0.00000000000 0.00000000000 0.00000000000 0.00000000000 0.00000000000 0.00000000000 0.00000000000 0.00000000000 0.00000000000 0.00000000000 0.00000000000 0.00000000000 0.00000000000 0.00000000000 0.00000000000 0.00000000000 0.00000000000 0.00000000000 0.00000000000 0.00000000000 0.00000000000 0.00000000000 0.00000000000 0.00000000000 0.00000000000 0.00000000000 0.00000000000 0.00000000000
# logsel_slope_fsh[3]:
 0.00000000000 0.00000000000
# logsel_slope_fsh[4]:
 0.00000000000 0.00000000000 0.00000000000 0.00000000000 0.00000000000 0.00000000000 0.00000000000 0.00000000000 0.00000000000 0.00000000000 0.00000000000 0.00000000000 0.00000000000 0.00000000000 0.00000000000 0.00000000000 0.00000000000 0.00000000000 0.00000000000 0.00000000000 0.00000000000 0.00000000000 0.00000000000 0.00000000000 0.00000000000 0.00000000000 0.00000000000 0.00000000000 0.00000000000 0.00000000000
# sel50_fsh[1]:
 0.00000000000 0.00000000000 0.00000000000 0.00000000000 0.00000000000 0.00000000000 0.00000000000 0.00000000000 0.00000000000 0.00000000000 0.00000000000 0.00000000000 0.00000000000 0.00000000000 0.00000000000 0.00000000000 0.00000000000 0.00000000000 0.00000000000 0.00000000000 0.00000000000 0.00000000000 0.00000000000 0.00000000000 0.00000000000 0.00000000000 0.00000000000 0.00000000000 0.00000000000 0.00000000000 0.00000000000 0.00000000000 0.00000000000 0.00000000000 0.00000000000
# sel50_fsh[2]:
 0.00000000000 0.00000000000 0.00000000000 0.00000000000 0.00000000000 0.00000000000 0.00000000000 0.00000000000 0.00000000000 0.00000000000 0.00000000000 0.00000000000 0.00000000000 0.00000000000 0.00000000000 0.00000000000 0.00000000000 0.00000000000 0.00000000000 0.00000000000 0.00000000000 0.00000000000 0.00000000000 0.00000000000 0.00000000000 0.00000000000 0.00000000000 0.00000000000 0.00000000000 0.00000000000 0.00000000000 0.00000000000 0.00000000000 0.00000000000 0.00000000000 0.00000000000
# sel50_fsh[3]:
 0.00000000000 0.00000000000
# sel50_fsh[4]:
 0.00000000000 0.00000000000 0.00000000000 0.00000000000 0.00000000000 0.00000000000 0.00000000000 0.00000000000 0.00000000000 0.00000000000 0.00000000000 0.00000000000 0.00000000000 0.00000000000 0.00000000000 0.00000000000 0.00000000000 0.00000000000 0.00000000000 0.00000000000 0.00000000000 0.00000000000 0.00000000000 0.00000000000 0.00000000000 0.00000000000 0.00000000000 0.00000000000 0.00000000000 0.00000000000
# logsel_p1_fsh[1]:
 0.00000000000 0.00000000000 0.00000000000 0.00000000000 0.00000000000 0.00000000000 0.00000000000 0.00000000000 0.00000000000 0.00000000000 0.00000000000 0.00000000000 0.00000000000 0.00000000000 0.00000000000 0.00000000000 0.00000000000 0.00000000000 0.00000000000 0.00000000000 0.00000000000 0.00000000000 0.00000000000 0.00000000000 0.00000000000 0.00000000000 0.00000000000 0.00000000000 0.00000000000 0.00000000000 0.00000000000 0.00000000000 0.00000000000 0.00000000000 0.00000000000
# logsel_p1_fsh[2]:
 0.00000000000 0.00000000000 0.00000000000 0.00000000000 0.00000000000 0.00000000000 0.00000000000 0.00000000000 0.00000000000 0.00000000000 0.00000000000 0.00000000000 0.00000000000 0.00000000000 0.00000000000 0.00000000000 0.00000000000 0.00000000000 0.00000000000 0.00000000000 0.00000000000 0.00000000000 0.00000000000 0.00000000000 0.00000000000 0.00000000000 0.00000000000 0.00000000000 0.00000000000 0.00000000000 0.00000000000 0.00000000000 0.00000000000 0.00000000000 0.00000000000 0.00000000000
# logsel_p1_fsh[3]:
 0.00000000000 0.00000000000
# logsel_p1_fsh[4]:
 0.00000000000 0.00000000000 0.00000000000 0.00000000000 0.00000000000 0.00000000000 0.00000000000 0.00000000000 0.00000000000 0.00000000000 0.00000000000 0.00000000000 0.00000000000 0.00000000000 0.00000000000 0.00000000000 0.00000000000 0.00000000000 0.00000000000 0.00000000000 0.00000000000 0.00000000000 0.00000000000 0.00000000000 0.00000000000 0.00000000000 0.00000000000 0.00000000000 0.00000000000 0.00000000000
# sel_p2_fsh[1]:
 0.00000000000 0.00000000000 0.00000000000 0.00000000000 0.00000000000 0.00000000000 0.00000000000 0.00000000000 0.00000000000 0.00000000000 0.00000000000 0.00000000000 0.00000000000 0.00000000000 0.00000000000 0.00000000000 0.00000000000 0.00000000000 0.00000000000 0.00000000000 0.00000000000 0.00000000000 0.00000000000 0.00000000000 0.00000000000 0.00000000000 0.00000000000 0.00000000000 0.00000000000 0.00000000000 0.00000000000 0.00000000000 0.00000000000 0.00000000000 0.00000000000
# sel_p2_fsh[2]:
 0.00000000000 0.00000000000 0.00000000000 0.00000000000 0.00000000000 0.00000000000 0.00000000000 0.00000000000 0.00000000000 0.00000000000 0.00000000000 0.00000000000 0.00000000000 0.00000000000 0.00000000000 0.00000000000 0.00000000000 0.00000000000 0.00000000000 0.00000000000 0.00000000000 0.00000000000 0.00000000000 0.00000000000 0.00000000000 0.00000000000 0.00000000000 0.00000000000 0.00000000000 0.00000000000 0.00000000000 0.00000000000 0.00000000000 0.00000000000 0.00000000000 0.00000000000
# sel_p2_fsh[3]:
 0.00000000000 0.00000000000
# sel_p2_fsh[4]:
 0.00000000000 0.00000000000 0.00000000000 0.00000000000 0.00000000000 0.00000000000 0.00000000000 0.00000000000 0.00000000000 0.00000000000 0.00000000000 0.00000000000 0.00000000000 0.00000000000 0.00000000000 0.00000000000 0.00000000000 0.00000000000 0.00000000000 0.00000000000 0.00000000000 0.00000000000 0.00000000000 0.00000000000 0.00000000000 0.00000000000 0.00000000000 0.00000000000 0.00000000000 0.00000000000
# logsel_p3_fsh[1]:
 0.00000000000 0.00000000000 0.00000000000 0.00000000000 0.00000000000 0.00000000000 0.00000000000 0.00000000000 0.00000000000 0.00000000000 0.00000000000 0.00000000000 0.00000000000 0.00000000000 0.00000000000 0.00000000000 0.00000000000 0.00000000000 0.00000000000 0.00000000000 0.00000000000 0.00000000000 0.00000000000 0.00000000000 0.00000000000 0.00000000000 0.00000000000 0.00000000000 0.00000000000 0.00000000000 0.00000000000 0.00000000000 0.00000000000 0.00000000000 0.00000000000
# logsel_p3_fsh[2]:
 0.00000000000 0.00000000000 0.00000000000 0.00000000000 0.00000000000 0.00000000000 0.00000000000 0.00000000000 0.00000000000 0.00000000000 0.00000000000 0.00000000000 0.00000000000 0.00000000000 0.00000000000 0.00000000000 0.00000000000 0.00000000000 0.00000000000 0.00000000000 0.00000000000 0.00000000000 0.00000000000 0.00000000000 0.00000000000 0.00000000000 0.00000000000 0.00000000000 0.00000000000 0.00000000000 0.00000000000 0.00000000000 0.00000000000 0.00000000000 0.00000000000 0.00000000000
# logsel_p3_fsh[3]:
 0.00000000000 0.00000000000
# logsel_p3_fsh[4]:
 0.00000000000 0.00000000000 0.00000000000 0.00000000000 0.00000000000 0.00000000000 0.00000000000 0.00000000000 0.00000000000 0.00000000000 0.00000000000 0.00000000000 0.00000000000 0.00000000000 0.00000000000 0.00000000000 0.00000000000 0.00000000000 0.00000000000 0.00000000000 0.00000000000 0.00000000000 0.00000000000 0.00000000000 0.00000000000 0.00000000000 0.00000000000 0.00000000000 0.00000000000 0.00000000000
# rec_dev_future:
 0.00000000000 0.00000000000 0.00000000000 0.00000000000 0.00000000000 0.00000000000 0.00000000000 0.00000000000 0.00000000000 0.00000000000 0.00000000000 0.00000000000 0.00000000000 0.00000000000 0.00000000000 0.00000000000 0.00000000000 0.00000000000 0.00000000000 0.00000000000
 0.00000000000 0.00000000000 0.00000000000 0.00000000000 0.00000000000 0.00000000000 0.00000000000 0.00000000000 0.00000000000 0.00000000000 0.00000000000 0.00000000000 0.00000000000 0.00000000000 0.00000000000 0.00000000000 0.00000000000 0.00000000000 0.00000000000 0.00000000000
# log_q_ind[1]:
-0.0550063677346
# log_q_ind[2]:
-3.18502620960
# log_q_ind[3]:
-9.55679916154
# log_q_ind[4]:
-0.784631180928
# log_q_ind[5]:
-4.03502207507
# log_q_ind[6]:
-6.37277733344
# log_q_ind[7]:
-0.874949745253
# log_q_power_ind[1]:
0.00000000000
# log_q_power_ind[2]:
0.00000000000
# log_q_power_ind[3]:
0.00000000000
# log_q_power_ind[4]:
0.00000000000
# log_q_power_ind[5]:
0.00000000000
# log_q_power_ind[6]:
0.00000000000
# log_q_power_ind[7]:
0.00000000000
# log_rw_q_ind[1]:
 -1.21301405093
# log_rw_q_ind[3]:
 -0.288266012950
# log_selcoffs_ind[1]:
 -3.26340404210 -2.13999806956 -1.06545141998 -0.229217419530 0.240558867033 0.441986650929 0.453124867673 0.396534739427 0.350505830652 0.334279877331
 -3.23870657981 -2.29909953340 -1.38356838472 -0.545008896395 0.110729346684 0.474400755261 0.562557951333 0.489945799060 0.398716559310 0.356609846953
# log_selcoffs_ind[2]:
 -0.507843666398 -0.0229420581428 0.272323976246 0.349994191029 0.190458216085 -0.00434073246728 -0.119092255847 -0.145532445089 -0.142269480617 -0.146564818865
 0.0381830850051 0.157841258878 0.195752684005 0.223713135735 0.168008601762 0.0290664355148 -0.131468862546 -0.251793360158 -0.310742439299 -0.323508620402
 0.488009042422 0.320261632445 0.199460775018 0.112292702035 0.00868391735103 -0.122408945919 -0.253890203035 -0.362342658963 -0.428188290671 -0.451236832869
# log_selcoffs_ind[3]:
 -0.202940821038 0.0202027052767 0.0202027052767 0.0202027052767 0.0202027052767 0.0202027052767 0.0202027052767 0.0202027052767 0.0202027052767 0.0202027052767
# log_selcoffs_ind[4]:
 -2.41712067932 -1.42347512380 -0.577627225027 -0.0637861321313 0.116264994204 0.201613201516 0.276620744725 0.351637197362 0.413286827527 0.452352955675
 -3.04312787740 -2.18251502813 -1.34303733457 -0.629739049412 -0.116046847453 0.233966619296 0.459189981154 0.574407233000 0.582443379878 0.555299174698
# log_selcoffs_ind[5]:
 -3.04452005677 -0.669616569639 0.101782682789 0.174353368097 0.174353368097 0.174353368097 0.174353368097 0.174353368097 0.174353368097 0.174353368097
# log_selcoffs_ind[6]:
 -3.04452005677 -0.669616569639 0.101782682789 0.174353368097 0.174353368097 0.174353368097 0.174353368097 0.174353368097 0.174353368097 0.174353368097
# log_selcoffs_ind[7]:
 -3.04452005677 -0.669616569639 0.101782682789 0.174353368097 0.174353368097 0.174353368097 0.174353368097 0.174353368097 0.174353368097 0.174353368097
# logsel_slope_ind[1]:
 0.00000000000 0.00000000000
# logsel_slope_ind[2]:
 0.00000000000 0.00000000000 0.00000000000
# logsel_slope_ind[3]:
 0.00000000000
# logsel_slope_ind[4]:
 0.00000000000 0.00000000000
# logsel_slope_ind[5]:
 0.00000000000
# logsel_slope_ind[6]:
 0.00000000000
# logsel_slope_ind[7]:
 0.00000000000
# sel50_ind[1]:
 0.00000000000 0.00000000000
# sel50_ind[2]:
 0.00000000000 0.00000000000 0.00000000000
# sel50_ind[3]:
 0.00000000000
# sel50_ind[4]:
 0.00000000000 0.00000000000
# sel50_ind[5]:
 0.00000000000
# sel50_ind[6]:
 0.00000000000
# sel50_ind[7]:
 0.00000000000
# logsel_p1_ind[1]:
 0.00000000000 0.00000000000
# logsel_p1_ind[2]:
 0.00000000000 0.00000000000 0.00000000000
# logsel_p1_ind[3]:
 0.00000000000
# logsel_p1_ind[4]:
 0.00000000000 0.00000000000
# logsel_p1_ind[5]:
 0.00000000000
# logsel_p1_ind[6]:
 0.00000000000
# logsel_p1_ind[7]:
 0.00000000000
# sel_p2_ind[1]:
 0.00000000000 0.00000000000
# sel_p2_ind[2]:
 0.00000000000 0.00000000000 0.00000000000
# sel_p2_ind[3]:
 0.00000000000
# sel_p2_ind[4]:
 0.00000000000 0.00000000000
# sel_p2_ind[5]:
 0.00000000000
# sel_p2_ind[6]:
 0.00000000000
# sel_p2_ind[7]:
 0.00000000000
# logsel_p3_ind[1]:
 0.00000000000 0.00000000000
# logsel_p3_ind[2]:
 0.00000000000 0.00000000000 0.00000000000
# logsel_p3_ind[3]:
 0.00000000000
# logsel_p3_ind[4]:
 0.00000000000 0.00000000000
# logsel_p3_ind[5]:
 0.00000000000
# logsel_p3_ind[6]:
 0.00000000000
# logsel_p3_ind[7]:
 0.00000000000
