# Number of parameters = 1502 Objective function value = 1286.44433976317  Maximum gradient component = 0.00862828171482605
# Mest[1]:
0.230000000000
# Mest[2]:
0.330000000000
# log_Linf[1]:
4.30945594184
# log_Linf[2]:
4.38701417618
# log_k[1]:
-1.83258146375
# log_k[2]:
-1.83258146375
# log_Lo[1]:
2.89037175790
# log_Lo[2]:
2.89037175790
# log_sdage[1]:
-2.40794560865
# log_sdage[2]:
-2.40794560865
# mean_log_rec[1]:
9.50906527521
# mean_log_rec[2]:
8.22708333461
# mean_log_rec[3]:
7.71284051159
# steepness[1]:
0.650000000000
# steepness[2]:
0.650000000000
# steepness[3]:
0.650000000000
# log_Rzero[1]:
9.23306296282
# log_Rzero[2]:
8.27925705255
# log_Rzero[3]:
7.29163316629
# rec_dev:
 -0.436876710930 -0.509514635454 -0.588453115817 -0.674564332678 -0.765254144235 -0.856731478896 -0.823340248183 -0.827237535596 -0.673332053899 -0.609565179421 -0.519530412997 -0.352313058798 -0.390784278742 -0.346952365929 -0.288637271765 -0.104445106192 0.192413923871 0.389052440979 0.380658639686 0.337197524634 0.390762543974 0.510713860306 0.727345375759 0.724844764638 0.673669255008 1.32643305056 1.52774760886 0.707993915411 0.128107982617 0.329769457484 0.645344195937 0.781135130580 0.546660723315 0.317912236188 0.230601892235 0.302829181599 0.340232369144 0.494755036135 0.675872205011 0.573938389328 0.712109954998 0.696120546059 0.501349998243 -0.130730010313 -0.455318316357 -0.740376379829 -1.46329284262 -1.00189774792 -0.826889085010 -0.988825470634 -1.01948424190 -1.05919998408 -0.965323023811 -0.500436721874 -0.284029965327 -0.217449642016 -0.0623594080785 0.206633288701 0.389993045951 0.114952198376 0.213193620887 -0.0113252771924 0.100176408241
 -0.000398628585987 -0.000526817909757 -0.000679804464600 -0.000854081520089 -0.00103754682458 -0.00120286799527 -0.00129896496698 -0.00121931817521 -0.00112321847492 -0.000739403752533 -5.00109022568e-05 0.0273993631590 0.0274275600849 0.0271809984477 0.0261682717740 0.0213335069382 0.0112644126187 -0.00346821068177 -0.0561011790277 0.346201006455 -0.0234159123361 -0.157050854508 -0.0561604060089 0.362900006122 -0.0871765426513 -0.300613941206 -0.579749286895 -0.0941815309245 0.344400089491 0.871251509559 0.225755673773 0.181241459872 -0.517406529234 -0.0321492411179 -0.420875720553 -0.603002939413 0.100031265985 0.234547389388 0.146391374336 -0.0999913867752 0.523590105918 1.14063829748 -0.456400616338 0.500628988429 -0.879237127695 -0.346585620489 0.541955494840 -0.140055863284 -1.37881469908 -2.11604504732 -0.579129892441 0.715601289737 -0.798001187618 -0.401981382762 -1.75297001955 -0.677640240950 -0.912127974075 -0.394372008304 1.05121412163 1.20827230118 0.453591635008 -0.439578665705 -0.0506572816222
# log_sigmar[1]:
-0.510825623766
# log_sigmar[2]:
-0.510825623766
# log_sigmar[3]:
-0.510825623766
# fmort:
 0.0111894283993 0.0165298416294 0.00753151374122 0.00956428076890 0.0184879374723 0.0228007596697 0.0277061853484 0.0239463230219 0.0468360305977 0.0389983434003 0.0264998692397 0.0386637790220 0.0742825701101 0.0288571622840 0.0680829288430 0.0455693095363 0.00444838044886 0.0203691832672 0.0167101802796 0.0147953500659 0.0140064864999 0.0185893167770 0.0201959508981 0.0224432856069 0.0148629504354 0.0199392345772 0.0337654022907 0.0131776926496 0.00373488273075 0.00612618308665 0.00983551159950 0.0202510799776 0.00861906107754 0.0119793974619 0.0132001545606 0.0216817424019 0.0274582951538 0.0412048541336 0.0561843937110 0.0526707996221 0.0707190001983 0.0130413570799 0.00528585258104 0.00611588072051 0.00641725123510 0.00798116022331 0.00596511308762 0.00856886082510 0.00280412076322 0.00176768625362 0.00510897227196 0.00439082789032
 0.00142837074685 0.00219789269657 0.00336488500588 0.00558428717528 0.00401571143562 0.00724833761214 0.00937446208984 0.0137053330296 0.0221104531089 0.0273562974732 0.0247770354889 0.0492305184294 0.0678244882120 0.0553869288173 0.0747239712598 0.105987089390 0.118732451469 0.159419134307 0.221013031930 0.230561513235 0.231719664974 0.290912140021 0.380981653733 0.363007834715 0.484501277947 0.643664575329 0.623965607894 0.625409079355 0.367574149677 0.237020000118 0.175437498804 0.204640290296 0.200864659051 0.184913726103 0.180798583571 0.181269579288 0.191557378378 0.229670048270 0.198340125120 0.266408306541 0.154103227136 0.110307798857 0.0950234889894 0.0760874142254 0.0734641804982 0.0738320238503 0.0830146763474 0.0781353553773 0.0848489881549 0.0783898201890 0.0716369754533 0.0716593548834
 0.000652223176363 0.00127197102753 0.00314680594686 0.00675273934051 0.0216740840315 0.00674061782090 0.00861748173343 0.120002483532 0.128657265584 0.105919826643 0.106789381326 0.148019348630 0.0476506627130 0.0273468285063 0.0310141838490 0.0223686883354 0.0121661896364 0.0137835799763 0.0541242609554 0.0447831606218 0.0388754972829 0.0318495034558 0.0189035736427 0.0324398852406 0.0539222823682 0.258478777853 0.450381864326 0.834297218348 0.747318589951 0.217010023408 0.155354671022 0.506046822560 0.0712223152505 0.0949260141242 0.0774878814315 0.0497906826875 0.132160856854 0.111858931931 0.122470996998 0.145630625474 0.0364804833946 0.183540581777 0.0858814428288 0.0523901342071 0.0550933677606 0.0230465347038 0.0110322209606 0.00532007875509 0.0155679807636 0.0165314101458 0.0148649350817 0.0218074848989
 1.99285032920e-13 2.12330153460e-13 0.000549973424790 2.30648833366e-13 2.35922392733e-13 2.38142838782e-13 3.50548702621e-06 0.000238445765619 0.00497182838279 0.0308115713662 0.0273985704946 0.0346304227263 0.0777930766428 0.0918837885470 0.122287100014 0.0988207642481 0.0935512384228 0.0968781050433 0.0991884882647 0.0814704693419 0.0664100308920 0.0417687130593 0.00358938115604 2.25375273999e-13 2.63677968348e-13 3.68316488419e-13 4.62407889756e-13 6.86950496487e-13 7.83262343873e-13 3.47856267319e-06 0.000626812627765 0.00434369070092 0.0130722151749 0.0250606037324 0.0438801165986 0.0371989934348 0.0559075219172 0.0842377605796 0.105442767508 0.141315133501 0.129618369211 0.0341892348451 0.0227230513665 0.0227717117784 0.0237726646514 0.0302404677039 0.0176326689668 0.0133299707865 0.00991097639362 0.00904630523927 0.000636552050949 0.00610428161161
# log_selcoffs_fsh[1]:
 -4.83179061766 -3.67860580370 -2.43763574390 -1.21882177670 -0.279660783275 0.511831849990 1.08667384173 0.891004702265 -0.277778665961
 -4.52196080896 -3.27971856463 -1.96357926656 -0.816209425023 -0.169247697377 0.457343542730 0.950417206615 0.802754585223 0.119021504361
 -4.18759533659 -2.93557231715 -1.71111024227 -0.686883548001 -0.00429984764641 0.533777672476 0.825695636749 0.667788674806 0.272656530483
 -3.78769887044 -2.44685079166 -1.32266684524 -0.523000490646 -0.0444297395995 0.394171843464 0.764061516150 0.685075764663 0.379137911211
 -3.56592671925 -2.13198484534 -0.767164029856 -0.0129133174066 0.208848929236 0.340483068427 0.490770103818 0.495809287351 0.397664342441
 -3.39876916431 -2.04187592424 -0.785532888490 0.0882273802478 0.481975620760 0.467848017967 0.362240124482 0.297059665452 0.254969945431
 -3.23772888958 -1.95315271852 -0.877748535576 -0.0653615000863 0.555348491815 0.678670064572 0.392226331521 0.167912854988 0.0857790689665
 -3.07276971424 -1.76250524996 -0.777781874669 -0.00837781515188 0.595339220462 0.711745555490 0.358807883264 0.0815554008264 -0.0374672875057
 -2.94316895547 -1.62707316872 -0.450096625689 0.200692235684 0.523059139215 0.588456986760 0.382070290984 0.0537149101365 -0.125454844994
 -2.78227025783 -1.36045476545 -0.181059550231 0.223071994880 0.527667973734 0.583530722394 0.298167695483 -0.0447938410423 -0.215238626133
 -2.61965446339 -0.989082541575 0.455989736079 0.448006727610 0.329406275495 0.286780295247 0.0801927952623 -0.158077952142 -0.283985271181
 -2.44778179477 -0.729173980268 0.440763351382 0.480169864923 0.440412138766 0.235819422319 -0.0434602995994 -0.249184628921 -0.349889287565
 -2.33276927628 -0.662911657005 0.474267653873 0.697127054342 0.402864321542 0.0869809416810 -0.187948934672 -0.353590982162 -0.423100103970
 -2.24270002308 -0.698241415305 0.483652022156 0.834223614449 0.396141513285 -0.0164706396823 -0.292253999611 -0.438934254644 -0.493786861408
 -2.36832961768 -0.833285791000 0.627535783833 0.870641193664 0.345544968791 -0.0723226312419 -0.352228706394 -0.509897031368 -0.573328919164
 -2.31784103395 -0.817818269181 0.670718250063 0.796410465181 0.396450945092 -0.0260571802805 -0.351752869736 -0.537773337010 -0.618796559566
 -2.11008876417 -0.589776166487 0.782409107292 0.719034277337 0.307246508013 -0.0643191008128 -0.366188238081 -0.557590720906 -0.650478507749
 -1.76154136900 -0.287924051270 0.572709409570 0.771400713494 0.376838068679 -0.0687440177065 -0.386750366252 -0.577305418964 -0.672090486106
 -1.63674677458 -0.266302823936 0.845421919569 0.727418416098 0.182946140694 -0.200734568421 -0.474556356427 -0.650068919303 -0.739316643697
 -1.38563514088 -0.150822235835 0.824425998948 0.713694998358 0.217211563496 -0.230266283685 -0.533856964724 -0.710743166813 -0.791432299160
 -1.30603875559 -0.0168087803865 0.883923629331 0.711483528270 0.141656252138 -0.316193443742 -0.626793755663 -0.796276006479 -0.862792597803
 -1.24737407014 -0.0903630483021 0.710245658200 0.933714560459 0.248873511706 -0.405793442145 -0.749567153622 -0.896791894183 -0.938445296483
 -1.16832945115 0.174711413752 0.923310272488 0.758440134387 0.0678664320940 -0.508469377602 -0.843957168435 -0.977245311503 -1.00057553979
 -1.30879512280 -0.0256969133251 0.902930563989 0.971593264939 0.00772999711806 -0.605332316759 -0.925068933585 -1.04938910103 -1.06148112110
 -1.44947469448 -0.0850708055402 0.932591433701 0.947036179439 0.0688463746436 -0.562444071626 -0.916137784071 -1.06024743447 -1.07822541737
 -1.40348201908 0.152685251289 0.754984029618 0.853762214562 0.219774564451 -0.360930385203 -0.811063412487 -1.00167207087 -1.02503147962
 -1.40237254695 -0.146308679220 0.607184385728 0.961024349849 0.301851850646 -0.233122610273 -0.689312551284 -0.903790972024 -0.943927092654
 -1.25636270396 0.230418123442 0.473281567889 0.768341751608 0.309852007416 -0.169926821506 -0.557341313172 -0.758889666226 -0.805466670938
 -1.14389200956 0.414222771146 0.632146880451 0.500012906128 0.117347541507 -0.202184306164 -0.457663136608 -0.607185531361 -0.656346050593
 -1.26373506796 0.00706089136538 0.500832111348 0.796315132233 0.142893673575 -0.230293493532 -0.395013298506 -0.475409641670 -0.511393256223
 -1.20739824968 0.405994187873 0.519320865251 0.296657170372 0.0302055085038 -0.139135362783 -0.236268916054 -0.287192697046 -0.310227262904
 -1.20142150960 0.382240703663 0.131208382084 0.162642748462 0.120412587299 0.0303531305463 -0.0464966906405 -0.0930587642140 -0.113886884875
 -1.46765334610 -0.706645881889 -0.204348093911 0.428622340746 0.386471737218 0.231401428868 0.120068166695 0.0523255586207 0.0124050418845
 -1.73178182687 -1.04405195103 -0.416103501134 0.122378932308 0.268995537324 0.396030729124 0.355393242617 0.250047946298 0.161964684152
 -1.54530997379 -0.803758408583 -0.411736596666 0.167671815771 0.186565932310 0.223189400035 0.285633497946 0.305905587632 0.300433088458
 -0.919329549420 -0.311441020426 -0.661422806699 -0.395905126172 -0.0931696962138 0.172707365105 0.357413254315 0.443587811124 0.465094131387
 -0.933547979617 -0.996717826958 -0.996678175869 -0.505935929041 -0.107549486137 0.320649948195 0.503589916982 0.521536606474 0.501011697115
 -1.40491845568 -1.38652126581 -1.14522340143 -0.455566387358 0.0367396260896 0.426851731970 0.566947393803 0.537252477796 0.411052001237
# log_selcoffs_fsh[2]:
 -6.48383056368 -5.03215762563 -3.57509543515 -1.96089099361 -0.576609595240 0.328790299221 0.988871957041 1.13570450989 0.515103584488 -0.924482017668
 -6.39807398137 -4.95449174687 -3.46035702722 -2.04423418541 -0.873591823739 0.190197888103 0.980167247581 1.17027487259 0.528792522435 -0.479997385060
 -6.27551079618 -4.89187364907 -3.49216413327 -2.13354167360 -1.01582021889 0.0453264192939 0.924598587569 1.15413330090 0.617059112020 -0.119138351769
 -6.10969883483 -4.75780317980 -3.46794813704 -2.22646258623 -1.14582148371 -0.179984113174 0.766789538669 1.14592697351 0.768629805576 0.216601927447
 -5.94317413835 -4.52376037259 -3.24684735716 -2.20825235702 -1.31513403367 -0.393080392861 0.592122731912 1.08322301475 0.890630691317 0.528067745585
 -5.78626091545 -4.44463330457 -3.14769773276 -1.96170861482 -1.13867084644 -0.520080438808 0.277448568945 0.897426007835 1.00939303218 0.862860261511
 -5.64448828118 -4.37600470697 -3.16643154249 -2.07913905295 -1.14776891085 -0.401848226943 0.170486033855 0.672897718943 0.982981639852 1.10262678593
 -5.53124861566 -4.30701904530 -3.15847445229 -2.15086835160 -1.27797584084 -0.567543017131 0.106273344109 0.588288526944 0.956738958423 1.24183245241
 -5.45657695863 -4.22526395843 -3.06815545803 -2.11247680496 -1.35665218812 -0.676879204952 0.0189522957263 0.609752006673 0.957756189014 1.27619839244
 -5.37045033241 -4.10520117568 -2.92248843245 -1.92501568618 -1.15509753636 -0.585657211821 -0.111983317946 0.477557363529 0.949557616935 1.33937683562
 -5.31519085015 -3.94699103406 -2.63950263645 -1.55868475012 -0.849620256358 -0.334031127594 0.0556065962785 0.370855239842 0.799057126607 1.34044787944
 -5.33007049475 -3.83088083981 -2.41847038559 -1.23226874596 -0.623996801374 -0.200097094491 0.115654310887 0.436255925185 0.854939794414 1.16863038520
 -5.35466070367 -3.68342607325 -2.07661731321 -0.802844903600 -0.262451476585 0.0893528897014 0.263858438070 0.443595761182 0.726632298669 0.957721504165
 -5.37441302865 -3.49864552331 -1.70749686213 -0.526066928957 0.100240801692 0.287425388991 0.336227897266 0.419277846282 0.578523990805 0.718098900263
 -5.35073978720 -3.28581680895 -1.33063435777 -0.0718703754927 0.356959763643 0.340749576134 0.229438641792 0.271594637890 0.447517222412 0.584187348445
 -5.28798273153 -3.08152055557 -1.02480000004 0.0872915619674 0.336243139797 0.300289478962 0.202167310160 0.232085973645 0.402717606295 0.569781794132
 -5.24618649547 -3.01217087092 -0.910200693956 0.0620324713950 0.322767793455 0.310582165157 0.201951094336 0.210633728499 0.384891752633 0.591247350653
 -5.22135180876 -3.17956359274 -1.25359498854 0.0316563427344 0.426924700798 0.392011990140 0.216576458327 0.187215333743 0.356136519662 0.558104199294
 -5.18420064318 -3.31011137034 -1.54093713924 -0.219647912491 0.485854421388 0.474008860945 0.244196686757 0.192105728714 0.362126328689 0.578938080687
 -5.11118530943 -3.35095183861 -1.66611522373 -0.382293045935 0.278199916037 0.410999295973 0.260807884036 0.239899843295 0.464326037827 0.741236634494
 -5.07385166230 -3.42542829648 -1.87222173729 -0.595330972113 0.166698033352 0.418946288267 0.314540786504 0.255292233865 0.490549930834 0.815632700021
 -5.07415763909 -3.50812237601 -2.03858295040 -0.866575950619 -0.0219864132355 0.447501115123 0.421527031711 0.329760386760 0.521437106438 0.820294388968
 -5.09330926539 -3.57761465151 -2.20582144323 -1.07877172557 -0.240607231625 0.436597945153 0.475447761176 0.411416853016 0.576673639750 0.826089037836
 -5.16165670146 -3.63910169573 -2.24489997941 -1.11329187303 -0.392778713824 0.207868614121 0.527168418092 0.515356609677 0.666958797222 0.837542417635
 -5.23770336231 -3.68452469353 -2.19094477278 -0.903952384337 -0.255986959582 0.0185444492349 0.334806704691 0.549749698662 0.713912356937 0.911269320388
 -5.34687996220 -3.74499953531 -2.27583867393 -1.01855570320 -0.250967183087 0.244635478066 0.357803794775 0.470864855602 0.672900517740 0.900605818565
 -5.55401913020 -3.91245845563 -2.29802440086 -0.933829712904 -0.159885203226 0.390437075867 0.509301747946 0.478111909415 0.579168863746 0.737669450440
 -5.75315602672 -4.07110002784 -2.33975272058 -0.679548051225 0.0685652664808 0.519934921168 0.520312741358 0.398972343609 0.525411555075 0.565132907104
 -5.94551460892 -4.24411852067 -2.54892264773 -0.979625615536 -0.0687225099337 0.770327269603 0.730232374408 0.402809809905 0.427374421890 0.285589303170
 -6.11074563208 -4.36904756288 -2.64556531190 -1.00657460343 0.264459651590 0.866591404489 0.783791321472 0.388951973175 0.160464507443 0.0275371348300
 -6.21252552119 -4.40190428506 -2.54462647797 -0.763150898113 0.372938205337 0.840957332453 0.710671897368 0.355993342131 0.141672059057 0.0538336674658
 -6.25435597716 -4.37734417939 -2.44772301641 -0.692815741329 0.371846321662 0.640007878330 0.639683278952 0.417064471140 0.292364937460 0.261583119920
 -6.25893902731 -4.33200405033 -2.29648694649 -0.568311504136 0.0262356969235 0.342733848906 0.576419341608 0.596948588570 0.505367898038 0.487756819809
 -6.27706236761 -4.40427902014 -2.52261372185 -0.904175096210 -0.0680141447057 0.387535402727 0.604191051652 0.643265737914 0.555644238558 0.480980146166
 -6.24841562199 -4.44551318669 -2.60139231755 -1.09710604188 -0.343317009019 0.211597484431 0.600551466014 0.720857015371 0.667530143619 0.590300502481
 -6.19788967496 -4.53198744267 -2.89724595845 -1.32636380035 -0.395680134227 0.109184203161 0.534844537308 0.734716359682 0.755205318992 0.671862070902
 -6.16224595572 -4.61314074163 -3.11674827781 -1.67919802398 -0.645966456628 0.0354239963547 0.531826867136 0.771695625448 0.831126433031 0.710770480027
 -6.12140286473 -4.62783688638 -3.18569928676 -1.85752441231 -0.921079770772 -0.147462875003 0.481535479626 0.814457212104 0.903010037408 0.782124677699
 -6.08818187583 -4.60240893123 -3.17556591084 -1.90282222574 -0.898721242536 -0.129691658380 0.457926123706 0.781271139857 0.884355188256 0.843663028330
# log_selcoffs_fsh[3]:
 -2.48752452188 0.189681892567 1.46980751457 0.160082633949 -1.89749595500 -3.64261686641 -4.61660461493
 -2.47978172135 0.737291547823 1.27314171638 0.0876123493771 -2.05807153971 -3.69606504233 -4.62243152200
# log_selcoffs_fsh[4]:
 -5.91840069283 -4.78788526598 -3.63267637445 -2.41419311789 -1.13998432036 0.0614860287839 0.931971560147 1.12810167923 0.620877184087
 -5.90517262837 -4.76747852057 -3.59809647161 -2.32902028579 -1.00715350315 0.155781831213 0.939513005955 1.06562221001 0.625295475908
 -5.86915048368 -4.72877140719 -3.56376833858 -2.32684658755 -1.02931471618 0.136355829712 0.923436173653 1.07079907397 0.654106732411
 -5.80144872178 -4.65065949518 -3.49573684294 -2.30697832205 -1.06724841985 0.0695182485837 0.879796637933 1.08460176831 0.728956854565
 -5.72820518202 -4.55123824914 -3.38429175505 -2.22928507788 -1.03598343607 0.0750295346314 0.842276797488 1.05812471717 0.792667890245
 -5.65244342536 -4.49125491963 -3.31330897658 -2.13383662338 -1.02313779898 0.00571538247951 0.795003948234 1.07168268855 0.846113116135
 -5.55438878553 -4.41559465162 -3.24845005821 -2.04453932377 -0.942859931762 0.0240560782267 0.766009482777 1.03356688615 0.891862130512
 -5.42273745293 -4.28611302678 -3.17003503316 -2.01128994743 -0.903046382447 0.00710720709179 0.720688559494 1.02831405718 0.932694399077
 -5.28558956400 -4.10430435018 -3.02976982194 -2.01866213835 -0.989027686634 -0.0231552920332 0.712189242279 1.01847551667 0.971084306313
 -5.15416653699 -3.96719645741 -2.83876436457 -1.81813751623 -0.919642541437 -0.0662829827624 0.630866712063 0.996800929293 1.04066768495
 -5.04974380376 -3.84675160603 -2.70564121915 -1.67622407000 -0.766899619876 -0.00400466989114 0.587717779329 0.934601884247 1.06877275888
 -4.97292476860 -3.72496405700 -2.55989907298 -1.54648868500 -0.663038882745 0.0751901404085 0.582746577487 0.888444005003 1.05186639353
 -4.90765564928 -3.57267071600 -2.33705717969 -1.34701979016 -0.588030285650 0.0758284410596 0.583053442960 0.866458233060 1.03095211063
 -4.83950011310 -3.38045125993 -1.96729121179 -0.964037839957 -0.385185790074 0.0636853293326 0.460776908771 0.812876120890 1.04770591054
 -4.76755089301 -3.23198080742 -1.72397113709 -0.624167468934 -0.126996662709 0.0975835603453 0.353394366847 0.715006447579 1.02483056727
 -4.67836306787 -3.10693001711 -1.51680684804 -0.374453615525 -0.0354570282610 0.0810023057143 0.293361342628 0.652862493759 1.00334678968
 -4.61194654234 -3.07624877134 -1.53948282528 -0.386627265741 -0.0251813651065 0.140911230702 0.336370838762 0.637107235591 0.968041523126
 -4.55734662554 -3.16187515562 -1.88437512286 -0.908582743646 -0.227269561544 0.326274000095 0.575515360339 0.687174840041 0.893433948483
 -4.46612996024 -3.19351634488 -2.04848603899 -1.16234109239 -0.453136892299 0.179826120639 0.591471596762 0.820734247138 0.953334069312
 -4.40033189901 -3.20397279185 -2.13665986540 -1.30426799672 -0.663060558685 -0.0229363566661 0.576852391140 0.938311991653 1.00394280544
 -4.32064883899 -3.13198553132 -2.06869568926 -1.32222118210 -0.755817838120 -0.201329620986 0.434759297325 0.976476764350 1.11947279640
 -4.24481016959 -3.01942806669 -1.79029445574 -1.16095752276 -0.752523285928 -0.213901360687 0.335551092697 0.845680541291 1.23833289589
 -4.19685378548 -3.07837344982 -2.04213133976 -1.26285920988 -0.715626194959 -0.123552785468 0.366047248656 0.813120424099 1.24031714651
 -4.10183645871 -3.04117211056 -2.05654234493 -1.26692672630 -0.692176701152 -0.178409677662 0.306748695282 0.796143502618 1.28454623730
 -4.08373370289 -3.03536114226 -1.96808133614 -1.02249585132 -0.406308632110 0.0928755887583 0.453350216520 0.781960583405 1.06915572529
 -3.88526303118 -2.83412218244 -1.65401483662 -0.859204284864 -0.374893774172 0.0701038118251 0.450654824537 0.768961565188 1.03640429111
 -3.56311446547 -2.64773850948 -1.66928691705 -0.888683751163 -0.388193305468 0.0468312351816 0.460603127583 0.809218055363 1.00936328144
 -3.02872136847 -2.28243675060 -1.52486049837 -0.910872525635 -0.454867449718 -0.0767957368567 0.319835992259 0.760812104407 1.14811216482
 -2.26076645237 -1.70224612335 -1.29430373448 -0.931023781969 -0.685976071884 -0.389277817983 0.0995973156531 0.729571270213 1.30431274282
 -2.13815368538 -1.60784911525 -1.08603484532 -0.793393255643 -0.703364050903 -0.569851326224 -0.105798257259 0.653843191560 1.38851691336
 -1.73130410647 -1.11310883790 -1.06931133336 -1.06538536397 -0.935459325449 -0.722015204312 -0.224300939648 0.596536688299 1.46174942327
 -1.35074484685 -0.672525075748 -0.797571366955 -1.12771473081 -1.14346270122 -0.863081672956 -0.279396589364 0.567622546670 1.43400278677
 -1.25945850483 -0.845529305476 -0.856337680865 -1.08064037187 -1.12653254792 -0.848297106073 -0.227028356217 0.641040821778 1.40489943301
# log_sel_spl_fsh[1]:
 0.00000000000 0.00000000000 0.00000000000 0.00000000000
 0.00000000000 0.00000000000 0.00000000000 0.00000000000
 0.00000000000 0.00000000000 0.00000000000 0.00000000000
 0.00000000000 0.00000000000 0.00000000000 0.00000000000
 0.00000000000 0.00000000000 0.00000000000 0.00000000000
 0.00000000000 0.00000000000 0.00000000000 0.00000000000
 0.00000000000 0.00000000000 0.00000000000 0.00000000000
 0.00000000000 0.00000000000 0.00000000000 0.00000000000
 0.00000000000 0.00000000000 0.00000000000 0.00000000000
 0.00000000000 0.00000000000 0.00000000000 0.00000000000
 0.00000000000 0.00000000000 0.00000000000 0.00000000000
 0.00000000000 0.00000000000 0.00000000000 0.00000000000
 0.00000000000 0.00000000000 0.00000000000 0.00000000000
 0.00000000000 0.00000000000 0.00000000000 0.00000000000
 0.00000000000 0.00000000000 0.00000000000 0.00000000000
 0.00000000000 0.00000000000 0.00000000000 0.00000000000
 0.00000000000 0.00000000000 0.00000000000 0.00000000000
 0.00000000000 0.00000000000 0.00000000000 0.00000000000
 0.00000000000 0.00000000000 0.00000000000 0.00000000000
 0.00000000000 0.00000000000 0.00000000000 0.00000000000
 0.00000000000 0.00000000000 0.00000000000 0.00000000000
 0.00000000000 0.00000000000 0.00000000000 0.00000000000
 0.00000000000 0.00000000000 0.00000000000 0.00000000000
 0.00000000000 0.00000000000 0.00000000000 0.00000000000
 0.00000000000 0.00000000000 0.00000000000 0.00000000000
 0.00000000000 0.00000000000 0.00000000000 0.00000000000
 0.00000000000 0.00000000000 0.00000000000 0.00000000000
 0.00000000000 0.00000000000 0.00000000000 0.00000000000
 0.00000000000 0.00000000000 0.00000000000 0.00000000000
 0.00000000000 0.00000000000 0.00000000000 0.00000000000
 0.00000000000 0.00000000000 0.00000000000 0.00000000000
 0.00000000000 0.00000000000 0.00000000000 0.00000000000
 0.00000000000 0.00000000000 0.00000000000 0.00000000000
 0.00000000000 0.00000000000 0.00000000000 0.00000000000
 0.00000000000 0.00000000000 0.00000000000 0.00000000000
 0.00000000000 0.00000000000 0.00000000000 0.00000000000
 0.00000000000 0.00000000000 0.00000000000 0.00000000000
 0.00000000000 0.00000000000 0.00000000000 0.00000000000
# log_sel_spl_fsh[2]:
 0.00000000000 0.00000000000 0.00000000000 0.00000000000
 0.00000000000 0.00000000000 0.00000000000 0.00000000000
 0.00000000000 0.00000000000 0.00000000000 0.00000000000
 0.00000000000 0.00000000000 0.00000000000 0.00000000000
 0.00000000000 0.00000000000 0.00000000000 0.00000000000
 0.00000000000 0.00000000000 0.00000000000 0.00000000000
 0.00000000000 0.00000000000 0.00000000000 0.00000000000
 0.00000000000 0.00000000000 0.00000000000 0.00000000000
 0.00000000000 0.00000000000 0.00000000000 0.00000000000
 0.00000000000 0.00000000000 0.00000000000 0.00000000000
 0.00000000000 0.00000000000 0.00000000000 0.00000000000
 0.00000000000 0.00000000000 0.00000000000 0.00000000000
 0.00000000000 0.00000000000 0.00000000000 0.00000000000
 0.00000000000 0.00000000000 0.00000000000 0.00000000000
 0.00000000000 0.00000000000 0.00000000000 0.00000000000
 0.00000000000 0.00000000000 0.00000000000 0.00000000000
 0.00000000000 0.00000000000 0.00000000000 0.00000000000
 0.00000000000 0.00000000000 0.00000000000 0.00000000000
 0.00000000000 0.00000000000 0.00000000000 0.00000000000
 0.00000000000 0.00000000000 0.00000000000 0.00000000000
 0.00000000000 0.00000000000 0.00000000000 0.00000000000
 0.00000000000 0.00000000000 0.00000000000 0.00000000000
 0.00000000000 0.00000000000 0.00000000000 0.00000000000
 0.00000000000 0.00000000000 0.00000000000 0.00000000000
 0.00000000000 0.00000000000 0.00000000000 0.00000000000
 0.00000000000 0.00000000000 0.00000000000 0.00000000000
 0.00000000000 0.00000000000 0.00000000000 0.00000000000
 0.00000000000 0.00000000000 0.00000000000 0.00000000000
 0.00000000000 0.00000000000 0.00000000000 0.00000000000
 0.00000000000 0.00000000000 0.00000000000 0.00000000000
 0.00000000000 0.00000000000 0.00000000000 0.00000000000
 0.00000000000 0.00000000000 0.00000000000 0.00000000000
 0.00000000000 0.00000000000 0.00000000000 0.00000000000
 0.00000000000 0.00000000000 0.00000000000 0.00000000000
 0.00000000000 0.00000000000 0.00000000000 0.00000000000
 0.00000000000 0.00000000000 0.00000000000 0.00000000000
 0.00000000000 0.00000000000 0.00000000000 0.00000000000
 0.00000000000 0.00000000000 0.00000000000 0.00000000000
 0.00000000000 0.00000000000 0.00000000000 0.00000000000
# log_sel_spl_fsh[3]:
 0.00000000000 0.00000000000 0.00000000000 0.00000000000
 0.00000000000 0.00000000000 0.00000000000 0.00000000000
# log_sel_spl_fsh[4]:
 0.00000000000 0.00000000000 0.00000000000 0.00000000000
 0.00000000000 0.00000000000 0.00000000000 0.00000000000
 0.00000000000 0.00000000000 0.00000000000 0.00000000000
 0.00000000000 0.00000000000 0.00000000000 0.00000000000
 0.00000000000 0.00000000000 0.00000000000 0.00000000000
 0.00000000000 0.00000000000 0.00000000000 0.00000000000
 0.00000000000 0.00000000000 0.00000000000 0.00000000000
 0.00000000000 0.00000000000 0.00000000000 0.00000000000
 0.00000000000 0.00000000000 0.00000000000 0.00000000000
 0.00000000000 0.00000000000 0.00000000000 0.00000000000
 0.00000000000 0.00000000000 0.00000000000 0.00000000000
 0.00000000000 0.00000000000 0.00000000000 0.00000000000
 0.00000000000 0.00000000000 0.00000000000 0.00000000000
 0.00000000000 0.00000000000 0.00000000000 0.00000000000
 0.00000000000 0.00000000000 0.00000000000 0.00000000000
 0.00000000000 0.00000000000 0.00000000000 0.00000000000
 0.00000000000 0.00000000000 0.00000000000 0.00000000000
 0.00000000000 0.00000000000 0.00000000000 0.00000000000
 0.00000000000 0.00000000000 0.00000000000 0.00000000000
 0.00000000000 0.00000000000 0.00000000000 0.00000000000
 0.00000000000 0.00000000000 0.00000000000 0.00000000000
 0.00000000000 0.00000000000 0.00000000000 0.00000000000
 0.00000000000 0.00000000000 0.00000000000 0.00000000000
 0.00000000000 0.00000000000 0.00000000000 0.00000000000
 0.00000000000 0.00000000000 0.00000000000 0.00000000000
 0.00000000000 0.00000000000 0.00000000000 0.00000000000
 0.00000000000 0.00000000000 0.00000000000 0.00000000000
 0.00000000000 0.00000000000 0.00000000000 0.00000000000
 0.00000000000 0.00000000000 0.00000000000 0.00000000000
 0.00000000000 0.00000000000 0.00000000000 0.00000000000
 0.00000000000 0.00000000000 0.00000000000 0.00000000000
 0.00000000000 0.00000000000 0.00000000000 0.00000000000
 0.00000000000 0.00000000000 0.00000000000 0.00000000000
# logsel_slope_fsh[1]:
 0.00000000000 0.00000000000 0.00000000000 0.00000000000 0.00000000000 0.00000000000 0.00000000000 0.00000000000 0.00000000000 0.00000000000 0.00000000000 0.00000000000 0.00000000000 0.00000000000 0.00000000000 0.00000000000 0.00000000000 0.00000000000 0.00000000000 0.00000000000 0.00000000000 0.00000000000 0.00000000000 0.00000000000 0.00000000000 0.00000000000 0.00000000000 0.00000000000 0.00000000000 0.00000000000 0.00000000000 0.00000000000 0.00000000000 0.00000000000 0.00000000000 0.00000000000 0.00000000000 0.00000000000
# logsel_slope_fsh[2]:
 0.00000000000 0.00000000000 0.00000000000 0.00000000000 0.00000000000 0.00000000000 0.00000000000 0.00000000000 0.00000000000 0.00000000000 0.00000000000 0.00000000000 0.00000000000 0.00000000000 0.00000000000 0.00000000000 0.00000000000 0.00000000000 0.00000000000 0.00000000000 0.00000000000 0.00000000000 0.00000000000 0.00000000000 0.00000000000 0.00000000000 0.00000000000 0.00000000000 0.00000000000 0.00000000000 0.00000000000 0.00000000000 0.00000000000 0.00000000000 0.00000000000 0.00000000000 0.00000000000 0.00000000000 0.00000000000
# logsel_slope_fsh[3]:
 0.00000000000 0.00000000000
# logsel_slope_fsh[4]:
 0.00000000000 0.00000000000 0.00000000000 0.00000000000 0.00000000000 0.00000000000 0.00000000000 0.00000000000 0.00000000000 0.00000000000 0.00000000000 0.00000000000 0.00000000000 0.00000000000 0.00000000000 0.00000000000 0.00000000000 0.00000000000 0.00000000000 0.00000000000 0.00000000000 0.00000000000 0.00000000000 0.00000000000 0.00000000000 0.00000000000 0.00000000000 0.00000000000 0.00000000000 0.00000000000 0.00000000000 0.00000000000 0.00000000000
# sel50_fsh[1]:
 0.00000000000 0.00000000000 0.00000000000 0.00000000000 0.00000000000 0.00000000000 0.00000000000 0.00000000000 0.00000000000 0.00000000000 0.00000000000 0.00000000000 0.00000000000 0.00000000000 0.00000000000 0.00000000000 0.00000000000 0.00000000000 0.00000000000 0.00000000000 0.00000000000 0.00000000000 0.00000000000 0.00000000000 0.00000000000 0.00000000000 0.00000000000 0.00000000000 0.00000000000 0.00000000000 0.00000000000 0.00000000000 0.00000000000 0.00000000000 0.00000000000 0.00000000000 0.00000000000 0.00000000000
# sel50_fsh[2]:
 0.00000000000 0.00000000000 0.00000000000 0.00000000000 0.00000000000 0.00000000000 0.00000000000 0.00000000000 0.00000000000 0.00000000000 0.00000000000 0.00000000000 0.00000000000 0.00000000000 0.00000000000 0.00000000000 0.00000000000 0.00000000000 0.00000000000 0.00000000000 0.00000000000 0.00000000000 0.00000000000 0.00000000000 0.00000000000 0.00000000000 0.00000000000 0.00000000000 0.00000000000 0.00000000000 0.00000000000 0.00000000000 0.00000000000 0.00000000000 0.00000000000 0.00000000000 0.00000000000 0.00000000000 0.00000000000
# sel50_fsh[3]:
 0.00000000000 0.00000000000
# sel50_fsh[4]:
 0.00000000000 0.00000000000 0.00000000000 0.00000000000 0.00000000000 0.00000000000 0.00000000000 0.00000000000 0.00000000000 0.00000000000 0.00000000000 0.00000000000 0.00000000000 0.00000000000 0.00000000000 0.00000000000 0.00000000000 0.00000000000 0.00000000000 0.00000000000 0.00000000000 0.00000000000 0.00000000000 0.00000000000 0.00000000000 0.00000000000 0.00000000000 0.00000000000 0.00000000000 0.00000000000 0.00000000000 0.00000000000 0.00000000000
# logsel_p1_fsh[1]:
 0.00000000000 0.00000000000 0.00000000000 0.00000000000 0.00000000000 0.00000000000 0.00000000000 0.00000000000 0.00000000000 0.00000000000 0.00000000000 0.00000000000 0.00000000000 0.00000000000 0.00000000000 0.00000000000 0.00000000000 0.00000000000 0.00000000000 0.00000000000 0.00000000000 0.00000000000 0.00000000000 0.00000000000 0.00000000000 0.00000000000 0.00000000000 0.00000000000 0.00000000000 0.00000000000 0.00000000000 0.00000000000 0.00000000000 0.00000000000 0.00000000000 0.00000000000 0.00000000000 0.00000000000
# logsel_p1_fsh[2]:
 0.00000000000 0.00000000000 0.00000000000 0.00000000000 0.00000000000 0.00000000000 0.00000000000 0.00000000000 0.00000000000 0.00000000000 0.00000000000 0.00000000000 0.00000000000 0.00000000000 0.00000000000 0.00000000000 0.00000000000 0.00000000000 0.00000000000 0.00000000000 0.00000000000 0.00000000000 0.00000000000 0.00000000000 0.00000000000 0.00000000000 0.00000000000 0.00000000000 0.00000000000 0.00000000000 0.00000000000 0.00000000000 0.00000000000 0.00000000000 0.00000000000 0.00000000000 0.00000000000 0.00000000000 0.00000000000
# logsel_p1_fsh[3]:
 0.00000000000 0.00000000000
# logsel_p1_fsh[4]:
 0.00000000000 0.00000000000 0.00000000000 0.00000000000 0.00000000000 0.00000000000 0.00000000000 0.00000000000 0.00000000000 0.00000000000 0.00000000000 0.00000000000 0.00000000000 0.00000000000 0.00000000000 0.00000000000 0.00000000000 0.00000000000 0.00000000000 0.00000000000 0.00000000000 0.00000000000 0.00000000000 0.00000000000 0.00000000000 0.00000000000 0.00000000000 0.00000000000 0.00000000000 0.00000000000 0.00000000000 0.00000000000 0.00000000000
# sel_p2_fsh[1]:
 0.00000000000 0.00000000000 0.00000000000 0.00000000000 0.00000000000 0.00000000000 0.00000000000 0.00000000000 0.00000000000 0.00000000000 0.00000000000 0.00000000000 0.00000000000 0.00000000000 0.00000000000 0.00000000000 0.00000000000 0.00000000000 0.00000000000 0.00000000000 0.00000000000 0.00000000000 0.00000000000 0.00000000000 0.00000000000 0.00000000000 0.00000000000 0.00000000000 0.00000000000 0.00000000000 0.00000000000 0.00000000000 0.00000000000 0.00000000000 0.00000000000 0.00000000000 0.00000000000 0.00000000000
# sel_p2_fsh[2]:
 0.00000000000 0.00000000000 0.00000000000 0.00000000000 0.00000000000 0.00000000000 0.00000000000 0.00000000000 0.00000000000 0.00000000000 0.00000000000 0.00000000000 0.00000000000 0.00000000000 0.00000000000 0.00000000000 0.00000000000 0.00000000000 0.00000000000 0.00000000000 0.00000000000 0.00000000000 0.00000000000 0.00000000000 0.00000000000 0.00000000000 0.00000000000 0.00000000000 0.00000000000 0.00000000000 0.00000000000 0.00000000000 0.00000000000 0.00000000000 0.00000000000 0.00000000000 0.00000000000 0.00000000000 0.00000000000
# sel_p2_fsh[3]:
 0.00000000000 0.00000000000
# sel_p2_fsh[4]:
 0.00000000000 0.00000000000 0.00000000000 0.00000000000 0.00000000000 0.00000000000 0.00000000000 0.00000000000 0.00000000000 0.00000000000 0.00000000000 0.00000000000 0.00000000000 0.00000000000 0.00000000000 0.00000000000 0.00000000000 0.00000000000 0.00000000000 0.00000000000 0.00000000000 0.00000000000 0.00000000000 0.00000000000 0.00000000000 0.00000000000 0.00000000000 0.00000000000 0.00000000000 0.00000000000 0.00000000000 0.00000000000 0.00000000000
# logsel_p3_fsh[1]:
 0.00000000000 0.00000000000 0.00000000000 0.00000000000 0.00000000000 0.00000000000 0.00000000000 0.00000000000 0.00000000000 0.00000000000 0.00000000000 0.00000000000 0.00000000000 0.00000000000 0.00000000000 0.00000000000 0.00000000000 0.00000000000 0.00000000000 0.00000000000 0.00000000000 0.00000000000 0.00000000000 0.00000000000 0.00000000000 0.00000000000 0.00000000000 0.00000000000 0.00000000000 0.00000000000 0.00000000000 0.00000000000 0.00000000000 0.00000000000 0.00000000000 0.00000000000 0.00000000000 0.00000000000
# logsel_p3_fsh[2]:
 0.00000000000 0.00000000000 0.00000000000 0.00000000000 0.00000000000 0.00000000000 0.00000000000 0.00000000000 0.00000000000 0.00000000000 0.00000000000 0.00000000000 0.00000000000 0.00000000000 0.00000000000 0.00000000000 0.00000000000 0.00000000000 0.00000000000 0.00000000000 0.00000000000 0.00000000000 0.00000000000 0.00000000000 0.00000000000 0.00000000000 0.00000000000 0.00000000000 0.00000000000 0.00000000000 0.00000000000 0.00000000000 0.00000000000 0.00000000000 0.00000000000 0.00000000000 0.00000000000 0.00000000000 0.00000000000
# logsel_p3_fsh[3]:
 0.00000000000 0.00000000000
# logsel_p3_fsh[4]:
 0.00000000000 0.00000000000 0.00000000000 0.00000000000 0.00000000000 0.00000000000 0.00000000000 0.00000000000 0.00000000000 0.00000000000 0.00000000000 0.00000000000 0.00000000000 0.00000000000 0.00000000000 0.00000000000 0.00000000000 0.00000000000 0.00000000000 0.00000000000 0.00000000000 0.00000000000 0.00000000000 0.00000000000 0.00000000000 0.00000000000 0.00000000000 0.00000000000 0.00000000000 0.00000000000 0.00000000000 0.00000000000 0.00000000000
# rec_dev_future:
 0.00000000000 0.00000000000 0.00000000000 0.00000000000 0.00000000000 0.00000000000 0.00000000000 0.00000000000 0.00000000000 0.00000000000 0.00000000000 0.00000000000 0.00000000000 0.00000000000 0.00000000000 0.00000000000 0.00000000000 0.00000000000 0.00000000000 0.00000000000
 0.00000000000 0.00000000000 0.00000000000 0.00000000000 0.00000000000 0.00000000000 0.00000000000 0.00000000000 0.00000000000 0.00000000000 0.00000000000 0.00000000000 0.00000000000 0.00000000000 0.00000000000 0.00000000000 0.00000000000 0.00000000000 0.00000000000 0.00000000000
# log_q_ind[1]:
-0.0784300099103
# log_q_ind[2]:
-2.94562716397
# log_q_ind[3]:
-9.54211866843
# log_q_ind[4]:
-0.813348681495
# log_q_ind[5]:
-3.85817706691
# log_q_ind[6]:
-6.17517329315
# log_q_ind[7]:
-0.993441776925
# log_q_power_ind[1]:
0.00000000000
# log_q_power_ind[2]:
0.00000000000
# log_q_power_ind[3]:
0.00000000000
# log_q_power_ind[4]:
0.00000000000
# log_q_power_ind[5]:
0.00000000000
# log_q_power_ind[6]:
0.00000000000
# log_q_power_ind[7]:
0.00000000000
# log_rw_q_ind[1]:
 -1.22452004068
# log_rw_q_ind[3]:
 -0.353648776067
# log_selcoffs_ind[1]:
 -3.21961426167 -2.09931892933 -1.02773177550 -0.194980284016 0.269017558116 0.460453666034 0.456843463363 0.382729303356 0.320064417006 0.293244818215
 -3.18651127537 -2.24778187259 -1.33372192537 -0.498416067706 0.149668689039 0.498875592520 0.568357959972 0.475110212040 0.363895472152 0.308414538993
# log_selcoffs_ind[2]:
 -0.719804701029 -0.209836304801 0.105908278481 0.213029614853 0.105070647349 -0.0140603309197 -0.0363741350351 0.0342328950893 0.109676323162 0.132295429000
 -0.251390034668 -0.0523582388917 0.0588789434598 0.161411647417 0.181222197704 0.110012508590 0.00426724933340 -0.0756370258287 -0.109240563586 -0.111424138646
 0.147354153609 0.0361819329129 0.0437626394988 0.155876202021 0.205293202244 0.116922425603 -0.0520168074020 -0.207901566909 -0.294977218462 -0.310732822841
# log_selcoffs_ind[3]:
 -0.202940821038 0.0202027052767 0.0202027052767 0.0202027052767 0.0202027052767 0.0202027052767 0.0202027052767 0.0202027052767 0.0202027052767 0.0202027052767
# log_selcoffs_ind[4]:
 -2.39882087632 -1.40478844985 -0.558757809222 -0.0460057159598 0.130904827360 0.210817590227 0.278340136472 0.344704641627 0.398248236214 0.432127864122
 -3.02305610823 -2.16559381677 -1.32874230649 -0.616503282362 -0.102255988842 0.247944297678 0.470125344598 0.576209442897 0.569984811960 0.530701140730
# log_selcoffs_ind[5]:
 -3.04452005677 -0.669616569639 0.101782682789 0.174353368097 0.174353368097 0.174353368097 0.174353368097 0.174353368097 0.174353368097 0.174353368097
# log_selcoffs_ind[6]:
 -3.04452005677 -0.669616569639 0.101782682789 0.174353368097 0.174353368097 0.174353368097 0.174353368097 0.174353368097 0.174353368097 0.174353368097
# log_selcoffs_ind[7]:
 -3.04452005677 -0.669616569639 0.101782682789 0.174353368097 0.174353368097 0.174353368097 0.174353368097 0.174353368097 0.174353368097 0.174353368097
# logsel_slope_ind[1]:
 0.00000000000 0.00000000000
# logsel_slope_ind[2]:
 0.00000000000 0.00000000000 0.00000000000
# logsel_slope_ind[3]:
 0.00000000000
# logsel_slope_ind[4]:
 0.00000000000 0.00000000000
# logsel_slope_ind[5]:
 0.00000000000
# logsel_slope_ind[6]:
 0.00000000000
# logsel_slope_ind[7]:
 0.00000000000
# sel50_ind[1]:
 0.00000000000 0.00000000000
# sel50_ind[2]:
 0.00000000000 0.00000000000 0.00000000000
# sel50_ind[3]:
 0.00000000000
# sel50_ind[4]:
 0.00000000000 0.00000000000
# sel50_ind[5]:
 0.00000000000
# sel50_ind[6]:
 0.00000000000
# sel50_ind[7]:
 0.00000000000
# logsel_p1_ind[1]:
 0.00000000000 0.00000000000
# logsel_p1_ind[2]:
 0.00000000000 0.00000000000 0.00000000000
# logsel_p1_ind[3]:
 0.00000000000
# logsel_p1_ind[4]:
 0.00000000000 0.00000000000
# logsel_p1_ind[5]:
 0.00000000000
# logsel_p1_ind[6]:
 0.00000000000
# logsel_p1_ind[7]:
 0.00000000000
# sel_p2_ind[1]:
 0.00000000000 0.00000000000
# sel_p2_ind[2]:
 0.00000000000 0.00000000000 0.00000000000
# sel_p2_ind[3]:
 0.00000000000
# sel_p2_ind[4]:
 0.00000000000 0.00000000000
# sel_p2_ind[5]:
 0.00000000000
# sel_p2_ind[6]:
 0.00000000000
# sel_p2_ind[7]:
 0.00000000000
# logsel_p3_ind[1]:
 0.00000000000 0.00000000000
# logsel_p3_ind[2]:
 0.00000000000 0.00000000000 0.00000000000
# logsel_p3_ind[3]:
 0.00000000000
# logsel_p3_ind[4]:
 0.00000000000 0.00000000000
# logsel_p3_ind[5]:
 0.00000000000
# logsel_p3_ind[6]:
 0.00000000000
# logsel_p3_ind[7]:
 0.00000000000
